2 0.0359375 0.1375 0.03203125 0.03828125
2 0.615625 0.1390625 0.03203125 0.03515625
2 0.8875 0.103125 0.02734375 0.0359375
6 0.87890625 0.04296875 0.03125 0.034375
6 0.9453125 0.1640625 0.0328125 0.03515625
2 0.815625 0.2203125 0.03828125 0.03046875
2 0.559375 0.2953125 0.0296875 0.03359375
2 0.5515625 0.271875 0.02578125 0.03046875
2 0.2265625 0.459375 0.02890625 0.0375
2 0.2515625 0.4640625 0.0296875 0.0375
2 0.3515625 0.546875 0.0296875 0.0390625
2 0.34375 0.5859375 0.03046875 0.03828125
2 0.23046875 0.640625 0.028125 0.03984375
2 0.0609375 0.67890625 0.03046875 0.0375
3 0.53203125 0.071875 0.0796875 0.0390625
0 0.64921875 0.465625 0.09296875 0.065625
6 0.2546875 0.86640625 0.03203125 0.0328125
6 0.1625 0.91484375 0.03203125 0.0359375