2 0.98515625 0.1703125 0.0296875 0.040625
2 0.41015625 0.13203125 0.034375 0.0375
2 0.14140625 0.07734375 0.0296875 0.0375
6 0.15390625 0.01796875 0.0328125 0.0359375
6 0.07890625 0.13359375 0.0359375 0.0375
2 0.2046875 0.19921875 0.040625 0.0328125
2 0.4546875 0.29140625 0.03125 0.0359375
2 0.46484375 0.26875 0.028125 0.0328125
2 0.77578125 0.47890625 0.03125 0.0390625
2 0.75 0.48125 0.0328125 0.0390625
2 0.64453125 0.55703125 0.0328125 0.040625
2 0.65 0.596875 0.0328125 0.040625
2 0.759375 0.659375 0.03125 0.0421875
2 0.92578125 0.709375 0.0328125 0.0390625
3 0.49765625 0.0703125 0.0828125 0.04375
0 0.35390625 0.45546875 0.096875 0.071875
6 0.71953125 0.8828125 0.034375 0.034375
6 0.8078125 0.9375 0.034375 0.0375