2 0.9703125 0.1453125 0.0328125 0.0390625
2 0.390625 0.13671875 0.0328125 0.0359375
2 0.11953125 0.09609375 0.028125 0.0359375
6 0.12890625 0.03671875 0.03125 0.034375
6 0.0609375 0.15625 0.0328125 0.0359375
2 0.1890625 0.21484375 0.0390625 0.03125
2 0.44453125 0.29453125 0.0296875 0.034375
2 0.45234375 0.27109375 0.0265625 0.03125
2 0.77421875 0.4640625 0.0296875 0.0375
2 0.74921875 0.46875 0.0296875 0.0375
2 0.64765625 0.54921875 0.0296875 0.0390625
2 0.6546875 0.58828125 0.03125 0.0390625
2 0.7671875 0.6453125 0.028125 0.040625
2 0.9359375 0.68671875 0.03125 0.0375
3 0.47578125 0.07109375 0.0796875 0.040625
0 0.3515625 0.46328125 0.09375 0.0671875
6 0.7390625 0.8703125 0.0328125 0.0328125
6 0.83046875 0.9203125 0.0328125 0.0359375