2 0.80390625 0.14140625 0.034375 0.0296875
2 0.8234375 0.1515625 0.0359375 0.0328125
2 0.96484375 0.4375 0.034375 0.0390625
2 0.946875 0.4875 0.0296875 0.0375
2 0.4734375 0.4078125 0.0359375 0.03125
2 0.6796875 0.553125 0.0296875 0.0359375
2 0.57734375 0.553125 0.0359375 0.0328125
2 0.61953125 0.5796875 0.0359375 0.03125
2 0.87734375 0.64921875 0.0359375 0.03125
2 0.725 0.68984375 0.034375 0.0375
2 0.3234375 0.63828125 0.0390625 0.0390625
2 0.51328125 0.84375 0.034375 0.0375
2 0.26953125 0.86953125 0.0375 0.0328125
2 0.8375 0.871875 0.03125 0.034375
4 0.46171875 0.36640625 0.040625 0.0578125
4 0.34765625 0.35546875 0.040625 0.05625
6 0.790625 0.11015625 0.0359375 0.0359375
6 0.328125 0.4 0.034375 0.034375
6 0.19765625 0.47578125 0.0359375 0.0359375
6 0.2984375 0.58828125 0.0328125 0.0359375