6 0.29453125 0.05078125 0.0328125 0.034375
6 0.36015625 0.06953125 0.03359375 0.03515625
6 0.36640625 0.21328125 0.0328125 0.034375
6 0.4140625 0.25390625 0.03203125 0.034375
1 0.365625 0.75390625 0.06875 0.0703125
2 0.3609375 0.16484375 0.02890625 0.0359375
2 0.68828125 0.140625 0.034375 0.03515625
2 0.28671875 0.33984375 0.03046875 0.034375
2 0.3109375 0.3484375 0.02734375 0.03828125
2 0.42109375 0.37890625 0.02734375 0.03359375
2 0.18828125 0.42109375 0.02890625 0.0375
0 0.3125 0.65625 0.06171875 0.09453125
2 0.97890625 0.03828125 0.03203125 0.03515625