2 0.815625 0.15234375 0.0328125 0.028125
2 0.8359375 0.1625 0.034375 0.03125
2 0.96640625 0.45390625 0.0328125 0.0375
2 0.946875 0.503125 0.028125 0.0375
2 0.4765625 0.40703125 0.034375 0.0296875
2 0.67734375 0.559375 0.028125 0.0359375
2 0.575 0.55546875 0.0359375 0.03125
2 0.61640625 0.58359375 0.0359375 0.0296875
2 0.871875 0.6625 0.034375 0.0296875
2 0.71796875 0.69765625 0.0328125 0.0359375
2 0.31875 0.63203125 0.0375 0.0375
2 0.5015625 0.84375 0.0328125 0.0359375
2 0.25703125 0.8609375 0.0359375 0.03125
2 0.82421875 0.88359375 0.0296875 0.034375
4 0.46640625 0.365625 0.0390625 0.05625
4 0.353125 0.35 0.0390625 0.0546875
6 0.8046875 0.1203125 0.034375 0.034375
6 0.33203125 0.39453125 0.0328125 0.0328125
6 0.1984375 0.465625 0.034375 0.034375
6 0.2953125 0.58125 0.03125 0.034375