2 0.178125 0.1578125 0.0328125 0.028125
2 0.15859375 0.16875 0.034375 0.03125
2 0.0328125 0.46171875 0.03203125 0.0375
2 0.053125 0.5109375 0.028125 0.03671875
2 0.521875 0.40625 0.034375 0.02890625
2 0.3234375 0.5625 0.028125 0.03515625
2 0.42578125 0.55703125 0.03515625 0.03046875
2 0.38515625 0.5859375 0.03515625 0.02890625
2 0.13125 0.66875 0.034375 0.02890625
2 0.28515625 0.7015625 0.03203125 0.03515625
2 0.68359375 0.62890625 0.03671875 0.03671875
2 0.5046875 0.84375 0.03203125 0.0359375
2 0.74921875 0.85703125 0.03515625 0.03125
2 0.1828125 0.8890625 0.0296875 0.03359375
4 0.53125 0.36484375 0.03828125 0.05625
4 0.64453125 0.34765625 0.0375 0.05390625
6 0.1890625 0.12578125 0.03359375 0.034375
6 0.66640625 0.39140625 0.03203125 0.03203125
6 0.80078125 0.46015625 0.03359375 0.03359375
6 0.70625 0.57734375 0.03125 0.03359375