1 0.05859375 0.0421875 0.03203125 0.0375
1 0.096875 0.07578125 0.0328125 0.034375
1 0.10078125 0.15625 0.03203125 0.03515625
1 0.046875 0.153125 0.03046875 0.03359375
1 0.02734375 0.17734375 0.03046875 0.034375
1 0.04375 0.44453125 0.03125 0.03515625
1 0.06171875 0.47890625 0.0296875 0.03515625
1 0.290625 0.79296875 0.06640625 0.065625
6 0.31015625 0.759375 0.0328125 0.03359375
6 0.640625 0.76640625 0.03359375 0.034375
6 0.88515625 0.8328125 0.03359375 0.034375
6 0.87890625 0.91875 0.03359375 0.034375
1 0.84921875 0.81875 0.06640625 0.06796875
0 0.90625 0.34765625 0.065625 0.08984375
2 0.77109375 0.5328125 0.03359375 0.03828125
2 0.909375 0.46328125 0.03203125 0.0390625
2 0.9296875 0.51015625 0.02890625 0.03828125