1 0.04296875 0.0578125 0.0328125 0.0390625
1 0.08203125 0.08984375 0.034375 0.0359375
1 0.0890625 0.1703125 0.0328125 0.0359375
1 0.03515625 0.16953125 0.03125 0.034375
1 0.01640625 0.19375 0.03125 0.0359375
1 0.0421875 0.46015625 0.0328125 0.0359375
1 0.0609375 0.49453125 0.03125 0.0359375
1 0.30078125 0.8 0.06875 0.0671875
6 0.31953125 0.765625 0.034375 0.034375
6 0.65 0.76171875 0.034375 0.0359375
6 0.896875 0.81953125 0.034375 0.0359375
6 0.89296875 0.90546875 0.034375 0.0359375
1 0.86015625 0.80625 0.06875 0.0703125
0 0.90078125 0.33359375 0.06875 0.0921875
2 0.771875 0.5234375 0.034375 0.0390625
2 0.9078125 0.44921875 0.0328125 0.040625
2 0.9296875 0.4953125 0.0296875 0.0390625