6 0.68203125 0.040625 0.034375 0.0359375
6 0.6171875 0.0625 0.0359375 0.0375
6 0.61875 0.20703125 0.034375 0.0359375
6 0.57265625 0.25 0.034375 0.0359375
1 0.64765625 0.746875 0.071875 0.0734375
2 0.62109375 0.1578125 0.03125 0.0375
2 0.29296875 0.15078125 0.0359375 0.0375
2 0.7046875 0.32890625 0.0328125 0.0359375
2 0.68125 0.3390625 0.0296875 0.0390625
2 0.57265625 0.375 0.0296875 0.034375
2 0.80703125 0.4046875 0.03125 0.0390625
0 0.6953125 0.64609375 0.0671875 0.096875
2 0.00703125 0.0640625 0.0140625 0.0375