6 0.49296875 0.090625 0.0328125 0.0359375
6 0.2578125 0.14375 0.034375 0.0359375
6 0.33515625 0.18984375 0.0328125 0.0359375
6 0.37734375 0.4140625 0.0328125 0.034375
6 0.43359375 0.38671875 0.0328125 0.034375
6 0.115625 0.54453125 0.0328125 0.034375
6 0.40390625 0.61015625 0.034375 0.034375
6 0.63125 0.61171875 0.0328125 0.0359375
6 0.7125 0.615625 0.034375 0.0359375
1 0.72890625 0.6140625 0.0328125 0.0375
1 0.88828125 0.715625 0.034375 0.0390625
1 0.54921875 0.771875 0.075 0.071875
1 0.6953125 0.84140625 0.0359375 0.0375
1 0.7953125 0.92734375 0.0375 0.0375
1 0.4453125 0.8859375 0.034375 0.0359375