6 0.05546875 0.26015625 0.034375 0.0359375
1 0.29140625 0.340625 0.071875 0.0734375
1 0.0609375 0.9125 0.0328125 0.0375
1 0.08359375 0.9234375 0.0359375 0.0375
1 0.096875 0.9546875 0.0375 0.0375
1 0.1359375 0.98203125 0.034375 0.0359375
6 0.840625 0.771875 0.0375 0.0359375
2 0.3765625 0.08515625 0.0375 0.0375
2 0.4 0.0703125 0.0296875 0.03125
2 0.4890625 0.21484375 0.03125 0.0390625
2 0.56328125 0.15859375 0.03125 0.0375
2 0.7171875 0.13828125 0.0359375 0.034375
2 0.77734375 0.5515625 0.0390625 0.034375
2 0.7953125 0.63515625 0.0359375 0.034375
2 0.8390625 0.7125 0.0328125 0.0328125
2 0.37265625 0.4875 0.0375 0.0328125
0 0.17265625 0.1390625 0.0734375 0.0984375