6 0.521875 0.09140625 0.03125 0.0359375
6 0.7546875 0.15234375 0.034375 0.034375
6 0.67578125 0.19609375 0.0328125 0.034375
6 0.625 0.41796875 0.0328125 0.034375
6 0.5703125 0.3890625 0.0328125 0.034375
6 0.8828125 0.5578125 0.03125 0.034375
6 0.5921875 0.61328125 0.0328125 0.0328125
6 0.36484375 0.60703125 0.0328125 0.034375
6 0.28359375 0.60859375 0.0328125 0.034375
1 0.26796875 0.60546875 0.03125 0.0359375
1 0.1046875 0.70234375 0.0328125 0.0375
1 0.44140625 0.7703125 0.071875 0.0703125
1 0.29296875 0.834375 0.034375 0.0359375
1 0.18984375 0.91640625 0.0359375 0.0375
1 0.540625 0.8875 0.034375 0.0359375