6 0.0984375 0.19375 0.034375 0.034375
1 0.31875 0.31015625 0.0703125 0.071875
1 0.00859375 0.8390625 0.0171875 0.0375
1 0.02265625 0.85234375 0.0359375 0.0375
1 0.03046875 0.8859375 0.0375 0.0375
1 0.06484375 0.9203125 0.034375 0.0375
6 0.79375 0.821875 0.0359375 0.034375
2 0.44296875 0.07109375 0.0375 0.0375
2 0.46796875 0.06015625 0.0296875 0.03125
2 0.53359375 0.21640625 0.03125 0.0390625
2 0.61640625 0.17265625 0.03125 0.0375
2 0.77109375 0.1765625 0.0359375 0.0328125
2 0.765625 0.59453125 0.0375 0.034375
2 0.77109375 0.6796875 0.0359375 0.0328125
2 0.8015625 0.76328125 0.03125 0.0328125
2 0.37578125 0.46796875 0.0375 0.0328125
0 0.23359375 0.0921875 0.071875 0.0984375