6 0.078125 0.22265625 0.03203125 0.0328125
1 0.30625 0.3234375 0.065625 0.06796875
1 0.0265625 0.87265625 0.03046875 0.03515625
1 0.0484375 0.88515625 0.0328125 0.03515625
1 0.05859375 0.91796875 0.03515625 0.03515625
1 0.0953125 0.95 0.03203125 0.03515625
6 0.815625 0.80078125 0.034375 0.0328125
2 0.41328125 0.07578125 0.03515625 0.034375
2 0.4375 0.06328125 0.02734375 0.0296875
2 0.5140625 0.21484375 0.028125 0.0375
2 0.59296875 0.165625 0.02890625 0.03515625
2 0.74765625 0.15859375 0.03359375 0.03125
2 0.771875 0.57578125 0.0359375 0.03203125
2 0.7828125 0.66015625 0.03359375 0.03125
2 0.81953125 0.74140625 0.0296875 0.03046875
2 0.37421875 0.4765625 0.03515625 0.03046875
0 0.20546875 0.11171875 0.06484375 0.09375