6 0.4640625 0.0921875 0.03046875 0.034375
6 0.23359375 0.16171875 0.0328125 0.03359375
6 0.3140625 0.20234375 0.03125 0.03359375
6 0.371875 0.42265625 0.03125 0.0328125
6 0.42578125 0.39140625 0.03125 0.0328125
6 0.11953125 0.57109375 0.03046875 0.0328125
6 0.41171875 0.61640625 0.03203125 0.03203125
6 0.6390625 0.60234375 0.03125 0.03359375
6 0.7203125 0.60078125 0.03203125 0.03359375
1 0.7359375 0.59765625 0.0296875 0.03515625
1 0.90234375 0.68828125 0.03203125 0.03671875
1 0.56796875 0.76796875 0.0703125 0.0671875
1 0.71875 0.8265625 0.0328125 0.03515625
1 0.82421875 0.90546875 0.034375 0.0359375
1 0.47265625 0.8890625 0.0328125 0.034375