2 0.8109375 0.4375 0.040625 0.0359375
2 0.8578125 0.45078125 0.0375 0.03125
2 0.9703125 0.390625 0.0328125 0.0328125
2 0.94453125 0.4078125 0.0359375 0.034375
2 0.8875 0.47109375 0.0359375 0.0296875
2 0.78046875 0.5859375 0.03125 0.0328125
2 0.7328125 0.765625 0.0328125 0.0375
2 0.75 0.79921875 0.0359375 0.0421875
2 0.634375 0.93125 0.0375 0.0375
2 0.6796875 0.9546875 0.0375 0.0328125
1 0.5125 0.56015625 0.075 0.0734375
0 0.15078125 0.60078125 0.096875 0.071875
0 0.234375 0.728125 0.096875 0.071875
2 0.95234375 0.10234375 0.0390625 0.0296875