2 0.8125 0.26171875 0.0328125 0.03125
2 0.11796875 0.353125 0.0359375 0.028125
2 0.1984375 0.37265625 0.0296875 0.0328125
2 0.290625 0.5234375 0.0296875 0.0359375
2 0.79453125 0.75 0.03125 0.0359375
2 0.91015625 0.821875 0.03125 0.0359375
0 0.7609375 0.14921875 0.065625 0.0921875
6 0.63515625 0.2078125 0.0328125 0.034375
6 0.68125 0.2734375 0.03125 0.0328125
6 0.68671875 0.31953125 0.03125 0.034375
6 0.81015625 0.1671875 0.0328125 0.034375
6 0.60859375 0.0328125 0.025 0.025
6 0.15859375 0.03671875 0.0328125 0.0328125
6 0.16328125 0.22109375 0.0328125 0.0328125
6 0.1859375 0.35 0.03125 0.034375
6 0.734375 0.734375 0.03125 0.0328125
6 0.8296875 0.70859375 0.0265625 0.0265625