2 0.134375 0.10859375 0.02890625 0.0359375
2 0.240625 0.02109375 0.03046875 0.03671875
2 0.984375 0.27109375 0.03125 0.03203125
2 0.4078125 0.4 0.0328125 0.0328125
2 0.8890625 0.47265625 0.0359375 0.03125
0 0.85703125 0.659375 0.09140625 0.0671875
4 0.31484375 0.10390625 0.040625 0.0578125
1 0.67578125 0.54296875 0.03515625 0.03828125
1 0.71953125 0.58515625 0.03515625 0.040625
6 0.9125 0.7890625 0.034375 0.03515625
6 0.6796875 0.02734375 0.0265625 0.02734375
0 0.96640625 0.1046875 0.0671875 0.09375