2 0.19140625 0.25625 0.0328125 0.03125
2 0.884375 0.36015625 0.03515625 0.02734375
2 0.80390625 0.378125 0.0296875 0.0328125
2 0.70859375 0.52734375 0.02890625 0.0359375
2 0.20078125 0.74453125 0.03046875 0.0359375
2 0.084375 0.81484375 0.03046875 0.03515625
0 0.2453125 0.14453125 0.06328125 0.09140625
6 0.3703125 0.20546875 0.0328125 0.03359375
6 0.32265625 0.2703125 0.03125 0.03203125
6 0.31640625 0.31640625 0.03046875 0.034375
6 0.1953125 0.16171875 0.03203125 0.03359375
6 0.39921875 0.03125 0.02421875 0.025
6 0.84921875 0.04296875 0.03203125 0.03203125
6 0.84140625 0.22734375 0.0328125 0.0328125
6 0.81640625 0.35546875 0.03125 0.03359375
6 0.26171875 0.73046875 0.03125 0.0328125
6 0.16640625 0.703125 0.0265625 0.02578125