2 0.540625 0.121875 0.0328125 0.0375
2 0.8796875 0.22265625 0.03125 0.034375
2 0.85234375 0.26953125 0.03125 0.0390625
2 0.73671875 0.29921875 0.03125 0.0390625
2 0.26015625 0.06796875 0.03125 0.0359375
2 0.15390625 0.22578125 0.0296875 0.0375
2 0.665625 0.44296875 0.03125 0.0390625
2 0.69765625 0.49921875 0.0296875 0.0390625
2 0.65546875 0.50703125 0.0328125 0.0375
6 0.82890625 0.178125 0.0359375 0.0390625
6 0.74765625 0.1390625 0.0359375 0.0375
6 0.68671875 0.2640625 0.0375 0.0390625
6 0.76796875 0.303125 0.0359375 0.0375
6 0.734375 0.3765625 0.0375 0.0390625
6 0.70234375 0.440625 0.0375 0.0390625
6 0.0875 0.13359375 0.0375 0.0375
0 0.25703125 0.184375 0.096875 0.071875