2 0.7859375 0.23046875 0.0359375 0.034375
2 0.1046875 0.39453125 0.0375 0.0296875
2 0.18671875 0.4046875 0.0328125 0.0359375
2 0.29453125 0.5453125 0.03125 0.0390625
2 0.81953125 0.7171875 0.0328125 0.0390625
2 0.94140625 0.77734375 0.0328125 0.0375
0 0.72265625 0.1234375 0.0703125 0.096875
6 0.60390625 0.1953125 0.0359375 0.0359375
6 0.65703125 0.25546875 0.034375 0.034375
6 0.6671875 0.30078125 0.0328125 0.0375
6 0.77421875 0.13671875 0.034375 0.0359375
6 0.559375 0.02421875 0.0265625 0.0265625
6 0.1125 0.075 0.034375 0.034375
6 0.1359375 0.2578125 0.0359375 0.0359375
6 0.171875 0.38359375 0.034375 0.0359375
6 0.7578125 0.70859375 0.034375 0.0359375
6 0.85 0.6734375 0.028125 0.028125