2 0.18359375 0.47578125 0.040625 0.0359375
2 0.13828125 0.49453125 0.0390625 0.0328125
2 0.0203125 0.44921875 0.0328125 0.0328125
2 0.04765625 0.4625 0.0359375 0.034375
2 0.11171875 0.51875 0.0375 0.03125
2 0.23203125 0.61953125 0.03125 0.034375
2 0.30078125 0.7921875 0.0328125 0.0390625
2 0.28828125 0.82734375 0.0375 0.0421875
2 0.41875 0.94453125 0.0390625 0.0375
2 0.37734375 0.97265625 0.0375 0.034375
1 0.49453125 0.56171875 0.0765625 0.075
0 0.85859375 0.55703125 0.0984375 0.0734375
0 0.79140625 0.69453125 0.096875 0.0734375
2 0.0109375 0.159375 0.021875 0.03125