0 0.071875 0.1265625 0.06875 0.096875
6 0.721875 0.04921875 0.0375 0.0375
6 0.946875 0.07890625 0.0375 0.0375
6 0.0515625 0.81328125 0.0359375 0.0375
6 0.61015625 0.97265625 0.034375 0.0359375
2 0.09921875 0.2921875 0.0375 0.0375
2 0.015625 0.49609375 0.03125 0.0296875
2 0.14921875 0.69453125 0.0375 0.0296875
2 0.35703125 0.68359375 0.0328125 0.0296875
2 0.4203125 0.79296875 0.0375 0.0328125
2 0.52578125 0.93828125 0.0375 0.034375
1 0.69921875 0.040625 0.0328125 0.0375
1 0.7703125 0.140625 0.0375 0.0390625