2 0.8140625 0.45390625 0.03828125 0.03359375
2 0.86015625 0.46953125 0.03671875 0.0296875
2 0.975 0.415625 0.03046875 0.03125
2 0.9484375 0.43125 0.03359375 0.0328125
2 0.88828125 0.49140625 0.03515625 0.028125
2 0.77578125 0.60078125 0.0296875 0.03203125
2 0.71875 0.77734375 0.03046875 0.03671875
2 0.734375 0.81171875 0.034375 0.03984375
2 0.61171875 0.9375 0.0359375 0.03515625
2 0.65546875 0.96328125 0.03515625 0.03125
1 0.509375 0.5609375 0.071875 0.06953125
0 0.14609375 0.58203125 0.09375 0.06640625
0 0.22265625 0.7140625 0.09296875 0.06640625
2 0.97265625 0.1265625 0.03828125 0.028125