2 0.59296875 0.13125 0.03125 0.0359375
2 0.91484375 0.278125 0.0296875 0.034375
2 0.88125 0.3203125 0.0296875 0.0375
2 0.7625 0.33359375 0.03125 0.0375
2 0.32265625 0.03828125 0.0296875 0.0359375
2 0.1953125 0.18046875 0.0296875 0.0359375
2 0.67265625 0.46640625 0.03125 0.0375
2 0.69609375 0.5265625 0.0296875 0.0375
2 0.65234375 0.528125 0.03125 0.0359375
6 0.8703125 0.2265625 0.0359375 0.0375
6 0.7953125 0.1765625 0.034375 0.0359375
6 0.7171875 0.2921875 0.0375 0.0375
6 0.79296875 0.3421875 0.034375 0.0375
6 0.74921875 0.4109375 0.0359375 0.0375
6 0.70859375 0.46953125 0.0375 0.0375
6 0.14296875 0.0796875 0.0375 0.0375
0 0.303125 0.153125 0.0953125 0.0703125