0 0.07890625 0.11953125 0.0671875 0.0953125
6 0.7296875 0.053125 0.0359375 0.0375
6 0.95390625 0.08671875 0.0359375 0.0375
6 0.04609375 0.80546875 0.0359375 0.0359375
6 0.6015625 0.975 0.034375 0.0359375
2 0.103125 0.2859375 0.0359375 0.0359375
2 0.015625 0.48671875 0.03125 0.0296875
2 0.14609375 0.68828125 0.0375 0.028125
2 0.35390625 0.68125 0.0328125 0.0296875
2 0.415625 0.79140625 0.0359375 0.0328125
2 0.51875 0.9390625 0.0375 0.034375
1 0.70703125 0.04375 0.0328125 0.0375
1 0.7765625 0.1453125 0.0359375 0.0390625