0 0.0921875 0.1046875 0.0640625 0.09296875
6 0.7453125 0.06171875 0.03515625 0.0359375
6 0.96796875 0.103125 0.03515625 0.0359375
6 0.0359375 0.7890625 0.034375 0.03515625
6 0.58515625 0.978125 0.0328125 0.034375
2 0.1109375 0.271875 0.03515625 0.03515625
2 0.015625 0.4703125 0.03125 0.028125
2 0.13984375 0.67578125 0.0359375 0.02734375
2 0.34765625 0.67578125 0.03125 0.028125
2 0.40546875 0.78828125 0.03515625 0.03125
2 0.503125 0.9390625 0.0359375 0.0328125
1 0.72265625 0.0515625 0.03125 0.0359375
1 0.7890625 0.15546875 0.03515625 0.0375