2 0.4265625 0.1265625 0.0296875 0.034375
2 0.09765625 0.25703125 0.028125 0.0328125
2 0.12890625 0.30078125 0.028125 0.03671875
2 0.246875 0.3203125 0.02890625 0.0359375
2 0.7015625 0.0484375 0.028125 0.034375
2 0.82109375 0.196875 0.02734375 0.03515625
2 0.3296875 0.4578125 0.02890625 0.0359375
2 0.303125 0.51640625 0.02734375 0.03671875
2 0.34609375 0.5203125 0.0296875 0.034375
6 0.14453125 0.2078125 0.03359375 0.0359375
6 0.221875 0.16171875 0.0328125 0.034375
6 0.29375 0.28125 0.03515625 0.0359375
6 0.215625 0.32734375 0.0328125 0.03515625
6 0.25546875 0.39765625 0.034375 0.0359375
6 0.29296875 0.45859375 0.03515625 0.0359375
6 0.87890625 0.09921875 0.03515625 0.03515625
0 0.71484375 0.1640625 0.09140625 0.06484375