6 0.45859375 0.3890625 0.034375 0.034375
6 0.30078125 0.4671875 0.034375 0.034375
6 0.48203125 0.54609375 0.034375 0.0359375
6 0.90703125 0.76953125 0.034375 0.0375
6 0.84296875 0.8171875 0.0375 0.034375
6 0.25546875 0.93671875 0.034375 0.034375
6 0.03125 0.97890625 0.034375 0.034375
1 0.58828125 0.1015625 0.034375 0.0359375
1 0.6171875 0.35859375 0.034375 0.0375
1 0.38359375 0.740625 0.034375 0.0375
1 0.34765625 0.8015625 0.034375 0.0375
0 0.81328125 0.61484375 0.0625 0.0984375
2 0.959375 0.49375 0.03125 0.034375
2 0.84765625 0.39609375 0.03125 0.040625
2 0.603125 0.25390625 0.028125 0.0359375
2 0.3640625 0.103125 0.0375 0.0359375
2 0.2390625 0.02734375 0.03125 0.034375
2 0.0265625 0.12421875 0.0296875 0.034375