2 0.8203125 0.03515625 0.0296875 0.0359375
2 0.66171875 0.44609375 0.03125 0.0359375
2 0.08515625 0.4859375 0.034375 0.0359375
2 0.47421875 0.640625 0.0265625 0.0375
2 0.446875 0.71796875 0.0296875 0.034375
2 0.5015625 0.796875 0.03125 0.0328125
2 0.76015625 0.8609375 0.028125 0.034375
2 0.75234375 0.90078125 0.03125 0.0359375
6 0.41015625 0.03671875 0.034375 0.034375
6 0.61171875 0.303125 0.034375 0.0359375
6 0.8140625 0.71171875 0.034375 0.0359375
6 0.38828125 0.77578125 0.0328125 0.0328125
6 0.02734375 0.7609375 0.0359375 0.0359375