2 0.1875 0.0296875 0.02890625 0.0359375
2 0.3390625 0.44296875 0.03046875 0.03515625
2 0.91484375 0.49296875 0.03359375 0.0359375
2 0.5234375 0.64140625 0.02578125 0.0375
2 0.54921875 0.71875 0.0296875 0.03359375
2 0.49296875 0.796875 0.03046875 0.0328125
2 0.23359375 0.85625 0.028125 0.034375
2 0.240625 0.89609375 0.03046875 0.03515625
6 0.59765625 0.03828125 0.03359375 0.03359375
6 0.39140625 0.3015625 0.03359375 0.03515625
6 0.18203125 0.70625 0.03359375 0.03515625
6 0.60703125 0.77734375 0.03203125 0.0328125
6 0.96796875 0.76953125 0.03515625 0.03515625