6 0.55078125 0.39296875 0.0375 0.0375
6 0.7015625 0.484375 0.0375 0.0375
6 0.5140625 0.54765625 0.0375 0.0390625
6 0.07109375 0.7328125 0.0375 0.0390625
6 0.13046875 0.7859375 0.0390625 0.0375
6 0.70546875 0.95625 0.0375 0.0359375
1 0.446875 0.0953125 0.0359375 0.0390625
1 0.3953125 0.34921875 0.0390625 0.040625
1 0.5953125 0.75 0.0375 0.0390625
1 0.62578125 0.8140625 0.0390625 0.040625
0 0.178125 0.58671875 0.0703125 0.103125
2 0.04296875 0.45390625 0.034375 0.0375
2 0.1625 0.36640625 0.0359375 0.04375
2 0.41875 0.24609375 0.0296875 0.0375
2 0.6703125 0.11640625 0.0390625 0.0390625
2 0.80078125 0.0515625 0.034375 0.0375
2 0.99375 0.16640625 0.0125 0.0359375