2 0.19609375 0.02421875 0.0296875 0.0359375
2 0.33984375 0.43984375 0.03125 0.0359375
2 0.91484375 0.5 0.034375 0.0359375
2 0.52109375 0.64140625 0.0265625 0.0375
2 0.5453125 0.71953125 0.0296875 0.034375
2 0.4875 0.796875 0.03125 0.0328125
2 0.22734375 0.8515625 0.028125 0.034375
2 0.23359375 0.89140625 0.03125 0.0359375
6 0.60546875 0.03984375 0.034375 0.034375
6 0.39453125 0.3 0.034375 0.0359375
6 0.178125 0.70078125 0.034375 0.0359375
6 0.60234375 0.77890625 0.0328125 0.0328125
6 0.96328125 0.77734375 0.0359375 0.0359375