6 0.54140625 0.3890625 0.03515625 0.03515625
6 0.69921875 0.4671875 0.034375 0.03515625
6 0.51796875 0.54609375 0.03515625 0.0359375
6 0.09296875 0.76953125 0.03515625 0.03671875
6 0.15703125 0.8171875 0.03671875 0.03515625
6 0.74453125 0.93671875 0.03515625 0.03359375
6 0.96875 0.97890625 0.03515625 0.034375
1 0.41171875 0.1015625 0.03359375 0.0359375
1 0.3828125 0.35859375 0.03515625 0.0375
1 0.61640625 0.740625 0.03515625 0.03671875
1 0.65234375 0.8015625 0.03515625 0.03828125
0 0.18671875 0.61484375 0.0625 0.0984375
2 0.040625 0.49375 0.03125 0.034375
2 0.15234375 0.39609375 0.03203125 0.040625
2 0.396875 0.25390625 0.02734375 0.0359375
2 0.6359375 0.103125 0.03671875 0.0359375
2 0.7609375 0.02734375 0.03125 0.034375
2 0.9734375 0.12421875 0.0296875 0.03359375