4 0.87734375 0.31484375 0.0421875 0.0859375
4 0.67265625 0.5 0.040625 0.0875
4 0.47109375 0.57421875 0.0375 0.084375
4 0.6140625 0.80625 0.034375 0.0875
4 0.26953125 0.90703125 0.0375 0.084375
4 0.1703125 0.35625 0.03125 0.084375
6 0.234375 0.4078125 0.034375 0.0359375
6 0.14453125 0.39765625 0.034375 0.034375
6 0.36171875 0.61328125 0.028125 0.028125
6 0.43984375 0.8015625 0.034375 0.034375
6 0.44140625 0.83828125 0.034375 0.0359375
6 0.40234375 0.9125 0.034375 0.034375
2 0.23046875 0.02890625 0.034375 0.034375
2 0.14921875 0.14296875 0.034375 0.034375
2 0.08203125 0.2609375 0.034375 0.034375
2 0.0546875 0.30546875 0.03125 0.034375
2 0.0453125 0.44375 0.03125 0.0375
2 0.55703125 0.75078125 0.0328125 0.0359375
2 0.64921875 0.80390625 0.03125 0.034375
2 0.81171875 0.903125 0.0296875 0.034375