4 0.89453125 0.35546875 0.0515625 0.090625
4 0.671875 0.51796875 0.05 0.090625
4 0.46328125 0.57109375 0.0453125 0.0875
4 0.58125 0.81640625 0.04375 0.090625
4 0.228125 0.88046875 0.0453125 0.0875
4 0.1875 0.32265625 0.0390625 0.0859375
6 0.2453125 0.38046875 0.0375 0.0390625
6 0.15703125 0.3609375 0.0375 0.0390625
6 0.35078125 0.5984375 0.0296875 0.0296875
6 0.40859375 0.79375 0.0390625 0.0390625
6 0.40625 0.83046875 0.0390625 0.0390625
6 0.359375 0.9 0.0375 0.0390625
2 0.28046875 0.0109375 0.0390625 0.021875
2 0.18828125 0.10859375 0.0390625 0.0375
2 0.109375 0.21875 0.0375 0.0390625
2 0.07734375 0.26015625 0.0359375 0.0390625
2 0.05390625 0.396875 0.034375 0.040625
2 0.53046875 0.75546875 0.0359375 0.0390625
2 0.61640625 0.81796875 0.034375 0.0375
2 0.76796875 0.93359375 0.0328125 0.0375