6 0.23203125 0.184375 0.0359375 0.0375
6 0.7140625 0.27265625 0.0359375 0.0375
6 0.71171875 0.346875 0.034375 0.0375
6 0.909375 0.378125 0.0375 0.0375
6 0.84765625 0.4328125 0.0375 0.0390625
6 0.58359375 0.57890625 0.0375 0.0390625
6 0.7265625 0.81875 0.0375 0.0390625
6 0.265625 0.63515625 0.0375 0.0390625
2 0.0578125 0.23671875 0.0375 0.0375
2 0.08046875 0.2828125 0.0375 0.0375
2 0.153125 0.425 0.0359375 0.0328125
2 0.08359375 0.42109375 0.034375 0.040625
2 0.428125 0.24921875 0.034375 0.040625
2 0.625 0.421875 0.0328125 0.040625
2 0.87421875 0.296875 0.0328125 0.0390625
2 0.47578125 0.48671875 0.03125 0.0359375
2 0.3578125 0.55703125 0.03125 0.0359375
2 0.2296875 0.5796875 0.0375 0.0328125
2 0.73828125 0.91640625 0.03125 0.0359375
2 0.925 0.7875 0.0296875 0.034375
1 0.38671875 0.97109375 0.0375 0.0390625