6 0.215625 0.19921875 0.034375 0.03515625
6 0.7015625 0.26171875 0.03359375 0.03515625
6 0.703125 0.3359375 0.0328125 0.03515625
6 0.90234375 0.35703125 0.03515625 0.03515625
6 0.84375 0.41484375 0.0359375 0.0375
6 0.5875 0.57421875 0.03515625 0.03671875
6 0.74296875 0.80625 0.03515625 0.03671875
6 0.27265625 0.646875 0.0359375 0.03671875
2 0.04453125 0.26015625 0.03515625 0.03515625
2 0.06953125 0.3046875 0.03515625 0.0359375
2 0.15 0.44296875 0.034375 0.03125
2 0.0796875 0.44296875 0.0328125 0.03828125
2 0.41484375 0.253125 0.0328125 0.0390625
2 0.62109375 0.415625 0.03125 0.0390625
2 0.86328125 0.27734375 0.03125 0.03671875
2 0.475 0.48828125 0.0296875 0.03515625
2 0.3609375 0.5640625 0.02890625 0.03515625
2 0.234375 0.59375 0.0359375 0.03046875
2 0.759375 0.903125 0.0296875 0.034375
2 0.93984375 0.76484375 0.028125 0.0328125
1 0.41171875 0.9765625 0.03515625 0.0375