6 0.8046875 0.21953125 0.0375 0.0375
6 0.315625 0.2484375 0.0359375 0.0375
6 0.30859375 0.321875 0.0359375 0.0375
6 0.10859375 0.3296875 0.0375 0.0375
6 0.16328125 0.39140625 0.0390625 0.040625
6 0.4078125 0.56796875 0.0375 0.0390625
6 0.2359375 0.78828125 0.0375 0.0390625
6 0.71640625 0.6625 0.0390625 0.0390625
2 0.97109375 0.2921875 0.0375 0.0375
2 0.94296875 0.33515625 0.0375 0.0390625
2 0.853125 0.4671875 0.0359375 0.0328125
2 0.9234375 0.47265625 0.0359375 0.040625
2 0.60234375 0.259375 0.0359375 0.040625
2 0.38515625 0.40703125 0.034375 0.040625
2 0.153125 0.25234375 0.034375 0.0390625
2 0.52578125 0.48984375 0.0328125 0.0375
2 0.634375 0.5734375 0.03125 0.0375
2 0.75859375 0.61171875 0.0375 0.0328125
2 0.21328125 0.884375 0.03125 0.0359375
2 0.04296875 0.73359375 0.0296875 0.034375
1 0.5546875 0.98046875 0.0375 0.0390625