4 0.12265625 0.31484375 0.0421875 0.0859375
4 0.32734375 0.5 0.04140625 0.08671875
4 0.52890625 0.57421875 0.03671875 0.084375
4 0.3859375 0.80625 0.03515625 0.0875
4 0.73046875 0.90703125 0.0375 0.08359375
4 0.8296875 0.35625 0.03125 0.08359375
6 0.765625 0.4078125 0.034375 0.0359375
6 0.85546875 0.39765625 0.034375 0.03515625
6 0.63828125 0.61328125 0.02734375 0.02734375
6 0.56015625 0.8015625 0.03515625 0.03515625
6 0.55859375 0.83828125 0.03515625 0.0359375
6 0.59765625 0.9125 0.03359375 0.03515625
2 0.76953125 0.02890625 0.03515625 0.03515625
2 0.85078125 0.14296875 0.03515625 0.03359375
2 0.91796875 0.2609375 0.034375 0.03515625
2 0.9453125 0.30546875 0.03203125 0.03515625
2 0.9546875 0.44375 0.03125 0.03828125
2 0.44296875 0.75078125 0.0328125 0.0359375
2 0.35078125 0.80390625 0.03046875 0.03515625
2 0.18828125 0.903125 0.0296875 0.034375