6 0.43671875 0.1546875 0.0390625 0.040625
2 0.6375 0.37578125 0.0328125 0.040625
1 0.8875 0.43125 0.0375 0.0390625
1 0.75234375 0.39375 0.0375 0.0375
1 0.5984375 0.3734375 0.0375 0.0390625
1 0.459375 0.35390625 0.0375 0.040625
1 0.296875 0.3234375 0.0375 0.040625
1 0.134375 0.29921875 0.0375 0.0390625
1 0.95234375 0.59453125 0.0375 0.040625
1 0.79140625 0.58203125 0.0375 0.040625
1 0.6328125 0.55234375 0.0375 0.040625
1 0.5046875 0.53125 0.0359375 0.0390625
1 0.3484375 0.51015625 0.0375 0.040625
1 0.1734375 0.48046875 0.0375 0.0390625
1 0.01796875 0.45859375 0.0359375 0.0390625
1 0.83984375 0.74375 0.0375 0.0390625
1 0.696875 0.71796875 0.0375 0.040625
1 0.54765625 0.690625 0.0359375 0.0390625
1 0.375 0.67734375 0.0375 0.040625
1 0.22578125 0.640625 0.0375 0.0421875
1 0.05625 0.61875 0.0375 0.0421875