2 0.365625 0.209375 0.034375 0.0375
2 0.21875 0.66015625 0.03125 0.0375
6 0.50078125 0.62578125 0.0375 0.0390625
6 0.16875 0.76171875 0.0390625 0.0375
1 0.5125 0.55625 0.034375 0.0390625
1 0.66484375 0.515625 0.0359375 0.0390625
1 0.8234375 0.4671875 0.0359375 0.0390625
1 0.98046875 0.4328125 0.034375 0.0390625
1 0.64375 0.70234375 0.0375 0.040625
1 0.4953125 0.746875 0.0359375 0.0375
1 0.8015625 0.65 0.0359375 0.0390625
1 0.93671875 0.60234375 0.0375 0.0375
1 0.75 0.83046875 0.0375 0.0390625
1 0.60390625 0.875 0.0375 0.040625
0 0.07109375 0.18203125 0.0578125 0.1
0 0.365625 0.53125 0.0578125 0.103125