6 0.5390625 0.15078125 0.0359375 0.03828125
2 0.35390625 0.3859375 0.0296875 0.0390625
1 0.10859375 0.45859375 0.034375 0.0375
1 0.240625 0.41171875 0.034375 0.03515625
1 0.39296875 0.38046875 0.03515625 0.0359375
1 0.53046875 0.3515625 0.03515625 0.0375
1 0.690625 0.309375 0.03515625 0.0375
1 0.85078125 0.27421875 0.03515625 0.03671875
1 0.05546875 0.62578125 0.03515625 0.03828125
1 0.21484375 0.60234375 0.034375 0.03828125
1 0.37109375 0.56171875 0.034375 0.03828125
1 0.49765625 0.53125 0.03359375 0.0375
1 0.6515625 0.49921875 0.03515625 0.0375
1 0.82421875 0.4578125 0.034375 0.0375
1 0.97890625 0.425 0.034375 0.0375
1 0.178125 0.7671875 0.034375 0.03671875
1 0.31875 0.73125 0.034375 0.03828125
1 0.465625 0.69375 0.03359375 0.03671875
1 0.63671875 0.66796875 0.03515625 0.0375
1 0.78359375 0.62109375 0.03515625 0.03984375
1 0.95078125 0.5875 0.03515625 0.0390625