6 0.49140625 0.1484375 0.0390625 0.040625
2 0.65546875 0.39921875 0.0328125 0.0421875
1 0.89375 0.49296875 0.0375 0.040625
1 0.76640625 0.434375 0.0375 0.0375
1 0.6171875 0.390625 0.0375 0.0390625
1 0.4828125 0.34921875 0.0390625 0.040625
1 0.3265625 0.29375 0.0390625 0.040625
1 0.1703125 0.24453125 0.0375 0.0390625
1 0.93203125 0.6640625 0.0390625 0.040625
1 0.775 0.6265625 0.0375 0.040625
1 0.62265625 0.57265625 0.0375 0.040625
1 0.5 0.53125 0.0375 0.040625
1 0.34921875 0.4859375 0.0390625 0.040625
1 0.18046875 0.4296875 0.0375 0.040625
1 0.0296875 0.38359375 0.0375 0.040625
1 0.79765625 0.79453125 0.0375 0.0390625
1 0.66015625 0.74609375 0.0375 0.040625
1 0.5171875 0.69609375 0.0359375 0.0390625
1 0.34921875 0.65546875 0.0390625 0.040625
1 0.20703125 0.59609375 0.0390625 0.0421875
1 0.04296875 0.54765625 0.0390625 0.0421875