2 0.603125 0.19765625 0.034375 0.0375
2 0.79609375 0.6296875 0.03125 0.0375
6 0.51171875 0.625 0.0375 0.0390625
6 0.85703125 0.725 0.0390625 0.0375
1 0.49375 0.5578125 0.034375 0.0390625
1 0.3375 0.5328125 0.0359375 0.0390625
1 0.175 0.5015625 0.0359375 0.0390625
1 0.015625 0.48203125 0.03125 0.0390625
1 0.378125 0.71640625 0.0375 0.040625
1 0.53046875 0.74453125 0.0359375 0.0375
1 0.21640625 0.68046875 0.0359375 0.0390625
1 0.0765625 0.64765625 0.0375 0.0375
1 0.2859375 0.8546875 0.0375 0.0390625
1 0.4359375 0.88359375 0.0375 0.040625
0 0.89375 0.1390625 0.0578125 0.1
0 0.63671875 0.5171875 0.0578125 0.103125