1 0.14140625 0.23125 0.03515625 0.03671875
1 0.29375 0.1953125 0.03671875 0.0390625
1 0.44765625 0.1625 0.03515625 0.03671875
1 0.6015625 0.1375 0.03515625 0.0375
1 0.75234375 0.08984375 0.034375 0.03671875
1 0.928125 0.04765625 0.034375 0.03671875
1 0.10390625 0.42578125 0.03515625 0.03671875
1 0.24921875 0.390625 0.03515625 0.0375
1 0.42265625 0.34765625 0.03359375 0.0375
1 0.56328125 0.30703125 0.034375 0.03984375
1 0.71640625 0.27109375 0.03515625 0.03671875
1 0.88671875 0.2390625 0.034375 0.03515625
1 0.075 0.5875 0.034375 0.0375
1 0.2109375 0.546875 0.034375 0.0359375
1 0.38046875 0.5234375 0.034375 0.03671875
1 0.53515625 0.4859375 0.03515625 0.0390625
2 0.87421875 0.48984375 0.03515625 0.0328125
2 0.92109375 0.56015625 0.034375 0.02734375