1 0.88046875 0.26328125 0.0375 0.0390625
1 0.73203125 0.2140625 0.040625 0.0421875
1 0.58125 0.16796875 0.0375 0.0390625
1 0.43046875 0.1296875 0.0390625 0.040625
1 0.284375 0.06953125 0.0375 0.0390625
1 0.1125 0.015625 0.0375 0.03125
1 0.90078125 0.4609375 0.0375 0.0390625
1 0.759375 0.41328125 0.0390625 0.040625
1 0.590625 0.3546875 0.0375 0.040625
1 0.45390625 0.30234375 0.0375 0.0421875
1 0.3046875 0.253125 0.0375 0.0390625
1 0.1375 0.20625 0.0375 0.0375
1 0.915625 0.62421875 0.0375 0.040625
1 0.78359375 0.571875 0.0375 0.0390625
1 0.6171875 0.53359375 0.0375 0.0390625
1 0.46640625 0.4828125 0.0390625 0.0421875
2 0.128125 0.45703125 0.0375 0.0359375
2 0.075 0.5234375 0.0359375 0.0296875