2 0.38125 0.203125 0.0328125 0.03515625
2 0.2109375 0.6453125 0.02890625 0.03671875
6 0.49453125 0.62578125 0.03515625 0.03671875
6 0.15546875 0.74375 0.03671875 0.0359375
1 0.509375 0.55703125 0.03203125 0.03671875
1 0.6640625 0.52421875 0.034375 0.0375
1 0.825 0.484375 0.034375 0.03671875
1 0.98359375 0.4578125 0.0328125 0.0375
1 0.6328125 0.709375 0.03515625 0.03828125
1 0.48203125 0.74609375 0.034375 0.03515625
1 0.79296875 0.665625 0.03359375 0.03671875
1 0.93046875 0.625 0.03515625 0.03515625
1 0.73203125 0.84296875 0.03515625 0.0375
1 0.584375 0.8796875 0.0359375 0.0390625
0 0.08828125 0.16015625 0.053125 0.09765625
0 0.3640625 0.52421875 0.053125 0.1