1 0.85390625 0.225 0.0359375 0.0375
1 0.70078125 0.19140625 0.0375 0.0390625
1 0.54609375 0.16171875 0.0359375 0.0375
1 0.3921875 0.1390625 0.0359375 0.0375
1 0.240625 0.09453125 0.034375 0.0375
1 0.0640625 0.05546875 0.034375 0.0375
1 0.89453125 0.41875 0.0359375 0.0375
1 0.74921875 0.3859375 0.0359375 0.0375
1 0.575 0.34609375 0.034375 0.0375
1 0.43359375 0.3078125 0.034375 0.040625
1 0.2796875 0.275 0.0359375 0.0375
1 0.10859375 0.24609375 0.034375 0.0359375
1 0.9265625 0.5796875 0.034375 0.0375
1 0.78984375 0.5421875 0.034375 0.0359375
1 0.6203125 0.52109375 0.034375 0.0375
1 0.46484375 0.48671875 0.0359375 0.0390625
2 0.12578125 0.49609375 0.0359375 0.0328125
2 0.0796875 0.5671875 0.034375 0.028125