1 0.03125 0.9 0.0390625 0.0390625
1 0.63671875 0.796875 0.0375 0.0375
1 0.60625 0.98046875 0.0375 0.0390625
1 0.76484375 0.9453125 0.0375 0.0390625
1 0.92421875 0.9265625 0.0375 0.0390625
2 0.30078125 0.0546875 0.0375 0.0296875
2 0.571875 0.39609375 0.0296875 0.0375
2 0.38515625 0.55234375 0.0390625 0.03125
2 0.2578125 0.85078125 0.03125 0.0390625
2 0.446875 0.921875 0.0390625 0.03125
6 0.1234375 0.19921875 0.040625 0.040625
6 0.25703125 0.3375 0.0390625 0.040625
6 0.11796875 0.7625 0.0265625 0.028125