1 0.97421875 0.14140625 0.034375 0.040625
1 0.90234375 0.12421875 0.0328125 0.0359375
1 0.8046875 0.10234375 0.034375 0.0375
1 0.721875 0.08359375 0.0390625 0.040625
1 0.61484375 0.0625 0.0328125 0.0359375
1 0.5171875 0.0421875 0.034375 0.0390625
1 0.4203125 0.02265625 0.0328125 0.0375
6 0.58125 0.2953125 0.0359375 0.0359375
6 0.68203125 0.56953125 0.034375 0.034375
6 0.54453125 0.69765625 0.0359375 0.0359375
2 0.7046875 0.8796875 0.0328125 0.0359375
0 0.88515625 0.20234375 0.103125 0.059375
0 0.940625 0.5046875 0.103125 0.0640625