1 0.01484375 0.1578125 0.0296875 0.040625
1 0.08515625 0.13828125 0.0328125 0.0359375
1 0.18125 0.11328125 0.034375 0.0375
1 0.2640625 0.09140625 0.0390625 0.040625
1 0.36953125 0.0671875 0.0328125 0.0359375
1 0.4671875 0.04296875 0.034375 0.0390625
1 0.5625 0.0203125 0.0328125 0.0375
6 0.4109375 0.2984375 0.0359375 0.0359375
6 0.32109375 0.57578125 0.034375 0.034375
6 0.46171875 0.69921875 0.0359375 0.0359375
2 0.309375 0.8859375 0.0328125 0.0359375
0 0.1046875 0.21640625 0.103125 0.059375
0 0.059375 0.5203125 0.103125 0.0640625