1 0.0609375 0.93203125 0.0375 0.0375
1 0.65703125 0.78671875 0.0359375 0.0359375
1 0.640625 0.97265625 0.0359375 0.0375
1 0.7953125 0.925 0.0359375 0.0375
1 0.953125 0.89609375 0.0359375 0.0375
2 0.2703125 0.06953125 0.0375 0.028125
2 0.56484375 0.39140625 0.028125 0.0359375
2 0.3890625 0.56015625 0.0375 0.0296875
2 0.2828125 0.8671875 0.0296875 0.0390625
2 0.47578125 0.925 0.0375 0.0296875
6 0.10390625 0.2265625 0.0390625 0.0390625
6 0.246875 0.35546875 0.0375 0.0390625
6 0.13671875 0.78828125 0.0265625 0.0265625