1 0.5171875 0.4453125 0.0375 0.0390625
1 0.3578125 0.42421875 0.0375 0.0375
1 0.24453125 0.403125 0.0359375 0.0390625
1 0.165625 0.38515625 0.0359375 0.0390625
1 0.13203125 0.3234375 0.0375 0.0390625
1 0.02109375 0.3671875 0.0375 0.0390625
6 0.2796875 0.32734375 0.034375 0.0359375
6 0.59375 0.4625 0.0375 0.0375
6 0.7015625 0.45390625 0.0375 0.0375
6 0.7390625 0.51953125 0.0359375 0.0359375
6 0.94609375 0.4484375 0.034375 0.0359375
6 0.61171875 0.5890625 0.034375 0.0359375
6 0.52109375 0.65 0.0359375 0.0375
6 0.88203125 0.7046875 0.0359375 0.0375
6 0.8140625 0.83671875 0.0265625 0.025
6 0.68828125 0.9703125 0.0375 0.0375
6 0.18203125 0.86875 0.0375 0.0390625
4 0.646875 0.6015625 0.0421875 0.084375
0 0.8109375 0.64296875 0.059375 0.103125
0 0.17578125 0.4640625 0.1015625 0.05625
4 0.490625 0.91875 0.0453125 0.0859375