1 0.01953125 0.15 0.034375 0.03984375
1 0.09140625 0.13125 0.0328125 0.0359375
1 0.18828125 0.1078125 0.03359375 0.03671875
1 0.27109375 0.0875 0.03828125 0.03984375
1 0.37734375 0.06484375 0.0328125 0.0359375
1 0.475 0.0421875 0.034375 0.03828125
1 0.57109375 0.02109375 0.0328125 0.0375
6 0.41484375 0.296875 0.03515625 0.03515625
6 0.31953125 0.57265625 0.034375 0.034375
6 0.45859375 0.6984375 0.03515625 0.0359375
2 0.30234375 0.8828125 0.03203125 0.03515625
0 0.109375 0.209375 0.10234375 0.05703125
0 0.059375 0.5125 0.1015625 0.0625