6 0.87265625 0.25546875 0.0265625 0.0265625
6 0.3671875 0.3546875 0.034375 0.034375
6 0.54296875 0.5328125 0.0359375 0.0359375
6 0.828125 0.6578125 0.0234375 0.025
6 0.29140625 0.2046875 0.0234375 0.025
1 0.90625 0.34921875 0.0328125 0.0390625
1 0.7921875 0.27578125 0.0703125 0.06875
1 0.859375 0.2890625 0.034375 0.0359375
1 0.68359375 0.28515625 0.034375 0.0359375
1 0.778125 0.31328125 0.0328125 0.0296875
1 0.41875 0.21875 0.0328125 0.0359375
1 0.1859375 0.15859375 0.0328125 0.0375
1 0.11171875 0.1421875 0.034375 0.0375
1 0.03984375 0.1234375 0.0328125 0.0375
0 0.065625 0.50390625 0.0984375 0.0546875
0 0.75234375 0.9140625 0.0546875 0.103125
4 0.696875 0.740625 0.0375 0.084375