1 0.053125 0.92421875 0.0375 0.03671875
1 0.65234375 0.7890625 0.03515625 0.0359375
1 0.63203125 0.975 0.03515625 0.03671875
1 0.7875 0.93046875 0.0359375 0.0375
1 0.94609375 0.90390625 0.03515625 0.0375
2 0.278125 0.065625 0.03671875 0.028125
2 0.56640625 0.3921875 0.02734375 0.0359375
2 0.38828125 0.55859375 0.0375 0.0296875
2 0.2765625 0.86328125 0.0296875 0.03828125
2 0.46875 0.92421875 0.0375 0.02890625
6 0.10859375 0.21953125 0.0390625 0.03828125
6 0.24921875 0.35078125 0.0375 0.0390625
6 0.13203125 0.78203125 0.02578125 0.0265625