1 0.52578125 0.4484375 0.0390625 0.040625
1 0.37109375 0.403125 0.0390625 0.0390625
1 0.2625 0.3640625 0.0375 0.040625
1 0.1875 0.334375 0.0375 0.040625
1 0.1640625 0.26796875 0.0390625 0.040625
1 0.04765625 0.29375 0.0390625 0.040625
6 0.309375 0.2953125 0.0359375 0.0375
6 0.5984375 0.47734375 0.0390625 0.0390625
6 0.70625 0.48671875 0.0390625 0.0390625
6 0.7328125 0.55703125 0.0375 0.0375
6 0.94921875 0.51875 0.0359375 0.0375
6 0.596875 0.60546875 0.0359375 0.0375
6 0.49765625 0.6515625 0.0375 0.0390625
6 0.8453125 0.76171875 0.0375 0.0390625
6 0.7578125 0.88125 0.028125 0.0265625
6 0.61171875 0.98671875 0.0390625 0.0265625
6 0.128125 0.8140625 0.0390625 0.040625
4 0.62890625 0.6234375 0.046875 0.0859375
0 0.78515625 0.68984375 0.0640625 0.1046875
0 0.18515625 0.41328125 0.1046875 0.0609375
4 0.425 0.9125 0.0484375 0.0875