6 0.11953125 0.26875 0.0265625 0.028125
6 0.62734375 0.35 0.0359375 0.0359375
6 0.4578125 0.534375 0.0375 0.0375
6 0.178125 0.66953125 0.025 0.0265625
6 0.6984375 0.19765625 0.0234375 0.0265625
1 0.08828125 0.36328125 0.034375 0.040625
1 0.2 0.28671875 0.071875 0.071875
1 0.13359375 0.3015625 0.0359375 0.0375
1 0.309375 0.29140625 0.0359375 0.0375
1 0.215625 0.3234375 0.0328125 0.03125
1 0.57109375 0.21640625 0.034375 0.0375
1 0.80234375 0.14765625 0.034375 0.0390625
1 0.87578125 0.12890625 0.0359375 0.0390625
1 0.94609375 0.10703125 0.034375 0.0390625
0 0.934375 0.4890625 0.1 0.0578125
0 0.2625 0.92265625 0.0578125 0.1046875
4 0.31171875 0.74765625 0.040625 0.0859375