1 0.4796875 0.44609375 0.03515625 0.0375
1 0.63828125 0.4171875 0.0359375 0.03515625
1 0.75 0.38984375 0.03359375 0.03671875
1 0.828125 0.36796875 0.03359375 0.03671875
1 0.85859375 0.3046875 0.03515625 0.0375
1 0.97109375 0.3421875 0.03515625 0.0375
6 0.7109375 0.31640625 0.03203125 0.034375
6 0.4046875 0.4671875 0.03515625 0.03515625
6 0.29609375 0.46484375 0.03515625 0.03515625
6 0.2625 0.53203125 0.034375 0.034375
6 0.0515625 0.471875 0.0328125 0.034375
6 0.39296875 0.59453125 0.03203125 0.034375
6 0.48671875 0.65078125 0.03359375 0.03515625
6 0.12890625 0.72421875 0.03359375 0.0359375
6 0.20390625 0.85234375 0.025 0.02421875
6 0.33671875 0.9796875 0.03515625 0.0359375
6 0.83671875 0.8515625 0.03515625 0.0375
4 0.35859375 0.609375 0.03828125 0.0828125
0 0.196875 0.659375 0.0546875 0.1
0 0.821875 0.446875 0.09921875 0.0515625
4 0.53125 0.91796875 0.040625 0.08359375