6 0.13203125 0.24921875 0.02578125 0.0265625
6 0.63515625 0.35703125 0.03359375 0.03359375
6 0.45625 0.53203125 0.03515625 0.03515625
6 0.16953125 0.65234375 0.0234375 0.025
6 0.7140625 0.20859375 0.02265625 0.025
1 0.09609375 0.3421875 0.0328125 0.03828125
1 0.21171875 0.27109375 0.06875 0.06796875
1 0.14453125 0.2828125 0.03359375 0.03515625
1 0.3203125 0.28203125 0.034375 0.03515625
1 0.225 0.30859375 0.03203125 0.0296875
1 0.5859375 0.2203125 0.03203125 0.03515625
1 0.8203125 0.1640625 0.0328125 0.0375
1 0.89453125 0.14921875 0.03359375 0.0375
1 0.96640625 0.13125 0.0328125 0.03671875
0 0.934375 0.51171875 0.09765625 0.05234375
0 0.240625 0.909375 0.053125 0.1015625
4 0.29921875 0.7375 0.0359375 0.084375