6 0.09296875 0.2515625 0.025 0.0265625
1 0.075 0.08359375 0.03359375 0.03515625
1 0.146875 0.05546875 0.0296875 0.034375
1 0.20703125 0.046875 0.0328125 0.03515625
1 0.1296875 0.1125 0.03359375 0.034375
1 0.19453125 0.096875 0.03203125 0.034375
1 0.25390625 0.08125 0.03359375 0.0359375
1 0.3046875 0.0609375 0.0328125 0.03515625
1 0.32421875 0.01796875 0.03125 0.03515625
1 0.4390625 0.0265625 0.0328125 0.03515625
1 0.06875 0.125 0.03203125 0.034375
1 0.35390625 0.3859375 0.03125 0.0359375
1 0.390625 0.36328125 0.03359375 0.03515625
1 0.46796875 0.35546875 0.034375 0.0359375
1 0.7125 0.3453125 0.03203125 0.03515625
1 0.26796875 0.63046875 0.06875 0.06953125
1 0.0546875 0.6890625 0.03515625 0.03515625
1 0.76484375 0.77734375 0.07109375 0.06953125