6 0.11640625 0.2171875 0.0265625 0.028125
1 0.11328125 0.0484375 0.0359375 0.0375
1 0.18671875 0.0265625 0.0328125 0.0375
1 0.24765625 0.0234375 0.0359375 0.0375
1 0.16484375 0.08203125 0.0359375 0.0375
1 0.23046875 0.071875 0.034375 0.0375
1 0.29140625 0.06171875 0.0359375 0.0390625
1 0.34375 0.0453125 0.0359375 0.0375
1 0.3671875 0.01171875 0.034375 0.0234375
1 0.48046875 0.0234375 0.0359375 0.0375
1 0.103125 0.0890625 0.034375 0.0375
1 0.3640625 0.3734375 0.034375 0.0390625
1 0.403125 0.35390625 0.0359375 0.0375
1 0.48046875 0.353125 0.0375 0.0390625
1 0.725 0.3640625 0.034375 0.0375
1 0.2578125 0.609375 0.075 0.075
1 0.03984375 0.64921875 0.0375 0.0375
1 0.73984375 0.79921875 0.0765625 0.075