6 0.91953125 0.2734375 0.0265625 0.028125
1 0.94609375 0.10625 0.0359375 0.0375
1 0.87578125 0.07421875 0.03125 0.0359375
1 0.81640625 0.0625 0.034375 0.0375
1 0.88984375 0.13203125 0.0359375 0.0359375
1 0.82578125 0.11328125 0.034375 0.0359375
1 0.76796875 0.09453125 0.0359375 0.0375
1 0.71796875 0.071875 0.034375 0.0375
1 0.70078125 0.028125 0.0328125 0.0375
1 0.5859375 0.03046875 0.034375 0.0375
1 0.95 0.1484375 0.034375 0.0359375
1 0.6515625 0.39375 0.0328125 0.0375
1 0.61640625 0.36953125 0.0359375 0.0375
1 0.53984375 0.35703125 0.0359375 0.0375
1 0.29609375 0.334375 0.034375 0.0375
1 0.725 0.6421875 0.071875 0.0734375
1 0.93515625 0.71171875 0.0375 0.0375
1 0.22109375 0.76328125 0.075 0.0734375