6 0.69140625 0.06796875 0.0375 0.0390625
1 0.3109375 0.3578125 0.03125 0.0375
1 0.34453125 0.4078125 0.0328125 0.034375
1 0.34296875 0.43671875 0.034375 0.034375
1 0.1984375 0.46640625 0.0359375 0.0375
1 0.29609375 0.36640625 0.0234375 0.034375
1 0.20625 0.51328125 0.03125 0.0359375
1 0.32890625 0.53828125 0.03125 0.0375
1 0.3140625 0.54609375 0.028125 0.034375
1 0.1609375 0.51875 0.0296875 0.028125
1 0.16953125 0.58515625 0.03125 0.0359375
1 0.16328125 0.5375 0.0296875 0.034375
1 0.27265625 0.66328125 0.0328125 0.0375
2 0.02421875 0.9703125 0.028125 0.0359375
2 0.18046875 0.98203125 0.0296875 0.0359375
0 0.8703125 0.659375 0.0484375 0.0984375