6 0.69921875 0.07109375 0.03671875 0.0390625
1 0.31328125 0.3546875 0.03125 0.03671875
1 0.34609375 0.40546875 0.03203125 0.034375
1 0.34375 0.43359375 0.03359375 0.034375
1 0.19921875 0.4609375 0.03515625 0.03671875
1 0.2984375 0.3625 0.02265625 0.034375
1 0.20625 0.5078125 0.03046875 0.0359375
1 0.328125 0.53515625 0.03125 0.03671875
1 0.31328125 0.54296875 0.028125 0.03359375
1 0.1609375 0.5125 0.0296875 0.028125
1 0.16796875 0.5796875 0.03125 0.03515625
1 0.1625 0.53125 0.0296875 0.03359375
1 0.26953125 0.659375 0.0328125 0.03671875
2 0.01640625 0.96171875 0.028125 0.03515625
2 0.171875 0.97890625 0.0296875 0.03984375
0 0.8671875 0.665625 0.046875 0.09765625