6 0.7140625 0.078125 0.0375 0.040625
1 0.31875 0.3484375 0.0328125 0.0375
1 0.34921875 0.4 0.0328125 0.0359375
1 0.34609375 0.428125 0.034375 0.0359375
1 0.20078125 0.45078125 0.0359375 0.0375
1 0.303125 0.35546875 0.0234375 0.034375
1 0.20625 0.49765625 0.03125 0.0375
1 0.32734375 0.52890625 0.0328125 0.0375
1 0.31171875 0.53671875 0.0296875 0.034375
1 0.1609375 0.50078125 0.03125 0.0296875
1 0.165625 0.56796875 0.0328125 0.0359375
1 0.16171875 0.51953125 0.03125 0.034375
1 0.2640625 0.6515625 0.034375 0.0375
2 0.0078125 0.94453125 0.015625 0.0359375
2 0.15546875 0.9671875 0.03125 0.040625
0 0.8609375 0.678125 0.05 0.1