2 0.08203125 0.30703125 0.03125 0.03515625
2 0.49453125 0.6328125 0.02734375 0.03671875
1 0.140625 0.0171875 0.03125 0.034375
1 0.12109375 0.0515625 0.0328125 0.0359375
1 0.1140625 0.12265625 0.03359375 0.0375
1 0.1078125 0.159375 0.03359375 0.03515625
1 0.07890625 0.2078125 0.034375 0.0359375
1 0.36953125 0.825 0.03515625 0.03515625
1 0.46875 0.85234375 0.03203125 0.034375
1 0.31484375 0.9046875 0.034375 0.03359375
1 0.30078125 0.93046875 0.0328125 0.03359375
6 0.50078125 0.59765625 0.0359375 0.0359375
6 0.47109375 0.70390625 0.040625 0.03984375
0 0.74609375 0.1875 0.09453125 0.06328125
0 0.15234375 0.6328125 0.07421875 0.08671875