2 0.5953125 0.1609375 0.02890625 0.03828125
2 0.83984375 0.1078125 0.0296875 0.0359375
6 0.93828125 0.15625 0.0375 0.0390625
6 0.65703125 0.27734375 0.03984375 0.04140625
6 0.58046875 0.24921875 0.03984375 0.04140625
6 0.14765625 0.465625 0.040625 0.03984375
1 0.22578125 0.47109375 0.03203125 0.03359375
1 0.38671875 0.36328125 0.03515625 0.0375
1 0.453125 0.4109375 0.03359375 0.0375
1 0.58046875 0.3125 0.03359375 0.03515625
1 0.625 0.32734375 0.03125 0.034375
1 0.6 0.3984375 0.0359375 0.0359375
1 0.23203125 0.9546875 0.03515625 0.0359375