2 0.07578125 0.321875 0.0328125 0.0359375
2 0.49921875 0.6328125 0.028125 0.0375
1 0.12421875 0.0296875 0.0328125 0.0359375
1 0.10546875 0.06484375 0.034375 0.0375
1 0.10078125 0.13671875 0.034375 0.0390625
1 0.09609375 0.1734375 0.034375 0.0359375
1 0.06875 0.22265625 0.0359375 0.0375
1 0.38125 0.8296875 0.0359375 0.0359375
1 0.48125 0.853125 0.0328125 0.0359375
1 0.32890625 0.9109375 0.0359375 0.034375
1 0.315625 0.9375 0.034375 0.034375
6 0.50390625 0.59765625 0.0375 0.0375
6 0.478125 0.7046875 0.0421875 0.040625
0 0.73515625 0.17890625 0.096875 0.0671875
0 0.15703125 0.64453125 0.0765625 0.0890625