2 0.61875 0.16875 0.03125 0.040625
2 0.86640625 0.1328125 0.0328125 0.0375
6 0.9609375 0.1875 0.040625 0.0421875
6 0.671875 0.2890625 0.0421875 0.04375
6 0.59765625 0.25546875 0.0421875 0.04375
6 0.15078125 0.44140625 0.04375 0.0421875
1 0.228125 0.45234375 0.034375 0.0359375
1 0.396875 0.35546875 0.0375 0.040625
1 0.459375 0.4078125 0.0359375 0.0390625
1 0.59296875 0.31875 0.0359375 0.0375
1 0.63671875 0.33671875 0.0328125 0.0359375
1 0.60703125 0.40546875 0.0390625 0.0390625
1 0.20078125 0.93515625 0.0375 0.0390625