2 0.096875 0.278125 0.034375 0.0375
2 0.48515625 0.63203125 0.0296875 0.0390625
1 0.17421875 0.00546875 0.0328125 0.0109375
1 0.153125 0.0265625 0.0359375 0.0375
1 0.14140625 0.096875 0.0359375 0.0390625
1 0.1328125 0.1328125 0.0359375 0.0375
1 0.1 0.17890625 0.0375 0.0375
1 0.346875 0.81484375 0.0375 0.0375
1 0.44453125 0.84921875 0.034375 0.0359375
1 0.28671875 0.890625 0.0359375 0.0359375
1 0.27109375 0.915625 0.034375 0.0359375
6 0.49375 0.59765625 0.0390625 0.0390625
6 0.45703125 0.7015625 0.04375 0.0421875
0 0.7671875 0.20546875 0.0984375 0.0703125
0 0.14375 0.60859375 0.0796875 0.0921875