2 0.3984375 0.1625 0.0296875 0.0390625
2 0.153125 0.1140625 0.0296875 0.0359375
6 0.05546875 0.1640625 0.0375 0.0390625
6 0.3390625 0.28046875 0.040625 0.0421875
6 0.41484375 0.25078125 0.040625 0.0421875
6 0.8515625 0.459375 0.040625 0.040625
1 0.7734375 0.46640625 0.0328125 0.034375
1 0.6109375 0.3609375 0.0359375 0.0375
1 0.5453125 0.41015625 0.034375 0.0375
1 0.41640625 0.3140625 0.034375 0.0359375
1 0.371875 0.3296875 0.03125 0.034375
1 0.3984375 0.4 0.0359375 0.0359375
1 0.77578125 0.95 0.0359375 0.0359375