4 0.6453125 0.10703125 0.040625 0.0875
6 0.66484375 0.1859375 0.0375 0.0390625
6 0.58125 0.56953125 0.0390625 0.0421875
6 0.7421875 0.6265625 0.0421875 0.0453125
2 0.5671875 0.37734375 0.0296875 0.0375
2 0.56328125 0.1125 0.0328125 0.0421875
2 0.90859375 0.52578125 0.0359375 0.0375
1 0.45859375 0.4859375 0.071875 0.0734375
1 0.34140625 0.43203125 0.071875 0.071875
1 0.2953125 0.40546875 0.06875 0.071875
1 0.66484375 0.55234375 0.0359375 0.0359375
1 0.81328125 0.98046875 0.0359375 0.0390625
0 0.46171875 0.08359375 0.0953125 0.065625