4 0.36875 0.10234375 0.0375 0.0859375
6 0.34609375 0.18046875 0.0359375 0.0375
6 0.41640625 0.56640625 0.03828125 0.04140625
6 0.25390625 0.61796875 0.04140625 0.04453125
2 0.4375 0.375 0.02890625 0.0359375
2 0.45 0.11015625 0.03125 0.04140625
2 0.090625 0.51171875 0.034375 0.03671875
1 0.5421875 0.4875 0.06953125 0.0703125
1 0.6609375 0.4375 0.06875 0.06953125
1 0.7078125 0.4125 0.06640625 0.06953125
1 0.33359375 0.546875 0.034375 0.03515625
1 0.16953125 0.9703125 0.034375 0.0375
0 0.553125 0.08515625 0.09296875 0.0625