1 0.60546875 0.0453125 0.03203125 0.03515625
1 0.44609375 0.115625 0.03359375 0.03515625
1 0.3578125 0.19765625 0.03125 0.03515625
1 0.2171875 0.27109375 0.034375 0.03671875
1 0.18515625 0.29765625 0.03515625 0.0359375
1 0.10625 0.32578125 0.03359375 0.0359375
4 0.3921875 0.17578125 0.03515625 0.084375
1 0.86953125 0.79453125 0.0328125 0.03515625
1 0.87890625 0.83671875 0.03515625 0.0375
1 0.7875 0.859375 0.03359375 0.03671875
1 0.7640625 0.9484375 0.0359375 0.0359375
6 0.71640625 0.70234375 0.04296875 0.04375
2 0.96640625 0.5109375 0.03046875 0.03828125
6 0.8765625 0.2765625 0.03515625 0.0390625
6 0.796875 0.09375 0.04140625 0.04140625
6 0.64140625 0.11484375 0.03984375 0.0390625
0 0.52265625 0.19296875 0.09453125 0.06015625
0 0.20234375 0.52578125 0.096875 0.0640625