1 0.4265625 0.0390625 0.034375 0.0375
1 0.58046875 0.1203125 0.0359375 0.0375
1 0.66328125 0.20859375 0.034375 0.0375
1 0.7984375 0.29140625 0.0375 0.0390625
1 0.828125 0.3203125 0.0375 0.0390625
1 0.9046875 0.35390625 0.0359375 0.0375
4 0.63046875 0.184375 0.040625 0.0859375
1 0.1109375 0.76796875 0.0359375 0.0375
1 0.0984375 0.809375 0.0375 0.040625
1 0.18828125 0.83828125 0.0359375 0.0390625
1 0.20546875 0.92890625 0.0390625 0.0390625
6 0.2703125 0.68671875 0.0453125 0.046875
2 0.03359375 0.478125 0.0328125 0.040625
6 0.13984375 0.25078125 0.0375 0.0421875
6 0.23203125 0.07421875 0.04375 0.04375
6 0.3859375 0.10625 0.0421875 0.0421875
0 0.4984375 0.1921875 0.0984375 0.0671875
0 0.7953125 0.54609375 0.1015625 0.0703125