2 0.0546875 0.13828125 0.02578125 0.02734375
2 0.71640625 0.15625 0.03671875 0.02890625
2 0.334375 0.70625 0.0375 0.0328125
2 0.36953125 0.7046875 0.03359375 0.03203125
2 0.715625 0.8734375 0.03359375 0.03359375
6 0.68984375 0.38515625 0.0390625 0.040625
6 0.23203125 0.58203125 0.0390625 0.03984375
6 0.53046875 0.5828125 0.0390625 0.03984375
6 0.61953125 0.54140625 0.0375 0.03984375
6 0.82265625 0.55546875 0.0375 0.0359375
6 0.94375 0.5 0.0359375 0.0390625
6 0.94375 0.60859375 0.0359375 0.0359375
6 0.8671875 0.66171875 0.0390625 0.04140625
6 0.93203125 0.66484375 0.0390625 0.03984375
6 0.86640625 0.72578125 0.03828125 0.040625
6 0.92578125 0.728125 0.03984375 0.04296875
6 0.53515625 0.76640625 0.0375 0.0375
6 0.61328125 0.778125 0.03671875 0.03828125
6 0.8140625 0.7875 0.03671875 0.0375
6 0.8984375 0.79296875 0.0359375 0.03671875
6 0.8859375 0.8390625 0.03671875 0.0390625
6 0.94609375 0.83515625 0.0359375 0.0390625
6 0.60859375 0.84375 0.0390625 0.0375
6 0.61328125 0.91328125 0.03515625 0.0390625
6 0.41171875 0.871875 0.0390625 0.03984375
4 0.59921875 0.6171875 0.0390625 0.0578125
4 0.96953125 0.6703125 0.03828125 0.05859375