4 0.603125 0.09453125 0.04375 0.0890625
6 0.63125 0.1703125 0.0390625 0.040625
6 0.58828125 0.56015625 0.040625 0.04375
6 0.75390625 0.60078125 0.04375 0.046875
2 0.55390625 0.37109375 0.03125 0.0375
2 0.52265625 0.1078125 0.034375 0.04375
2 0.909375 0.4828125 0.0375 0.0390625
1 0.45703125 0.490625 0.075 0.075
1 0.33515625 0.44921875 0.0734375 0.0734375
1 0.28671875 0.42734375 0.071875 0.0734375
1 0.66953125 0.53515625 0.0375 0.0375
1 0.8625 0.94609375 0.0375 0.0390625
0 0.41796875 0.08984375 0.096875 0.06875