2 0.975 0.178125 0.028125 0.0296875
2 0.3140625 0.1390625 0.0390625 0.03125
2 0.646875 0.71953125 0.040625 0.0359375
2 0.6125 0.715625 0.0359375 0.034375
2 0.25234375 0.853125 0.0359375 0.0359375
6 0.32109375 0.36875 0.0421875 0.04375
6 0.76015625 0.6046875 0.0421875 0.04375
6 0.4625 0.5796875 0.0421875 0.04375
6 0.37734375 0.53046875 0.040625 0.0421875
6 0.1734375 0.52734375 0.040625 0.0390625
6 0.0578125 0.4609375 0.0390625 0.0421875
6 0.0484375 0.56953125 0.0390625 0.0390625
6 0.1203125 0.62890625 0.0421875 0.0453125
6 0.05546875 0.6265625 0.0421875 0.04375
6 0.115625 0.69296875 0.0421875 0.04375
6 0.05625 0.68984375 0.04375 0.046875
6 0.44140625 0.7625 0.040625 0.040625
6 0.36328125 0.7671875 0.040625 0.040625
6 0.16171875 0.759375 0.040625 0.040625
6 0.07734375 0.75703125 0.0390625 0.0390625
6 0.0859375 0.80390625 0.040625 0.0421875
6 0.0265625 0.7953125 0.0390625 0.0421875
6 0.36171875 0.8328125 0.0421875 0.040625
6 0.35078125 0.9015625 0.0390625 0.0421875
6 0.55546875 0.878125 0.0421875 0.04375
4 0.390625 0.6078125 0.04375 0.0609375
4 0.01953125 0.62890625 0.0390625 0.0609375