1 0.60546875 0.5875 0.0359375 0.0359375
1 0.79296875 0.6671875 0.0375 0.03125
1 0.18515625 0.33125 0.075 0.075
1 0.0328125 0.29375 0.0359375 0.0375
1 0.2984375 0.41953125 0.0375 0.0390625
1 0.37265625 0.46015625 0.0359375 0.0390625
1 0.4609375 0.45859375 0.0375 0.0375
1 0.54453125 0.49921875 0.0359375 0.0390625
1 0.615625 0.5640625 0.0375 0.0390625
1 0.7421875 0.63515625 0.0375 0.0390625
1 0.9546875 0.68125 0.0375 0.0359375
2 0.12734375 0.95546875 0.0328125 0.0390625
1 0.81484375 0.5640625 0.0734375 0.0734375
1 0.79375 0.6875 0.0359375 0.0375