1 0.3890625 0.5796875 0.034375 0.03359375
1 0.19609375 0.64609375 0.03515625 0.028125
1 0.82578125 0.35390625 0.06953125 0.0703125
1 0.98046875 0.3265625 0.03359375 0.0359375
1 0.70703125 0.43359375 0.034375 0.03671875
1 0.6296875 0.46875 0.0328125 0.0375
1 0.5421875 0.46171875 0.03515625 0.03515625
1 0.45546875 0.49609375 0.03359375 0.03671875
1 0.38046875 0.55625 0.034375 0.03671875
1 0.24921875 0.61796875 0.034375 0.0375
1 0.03359375 0.64921875 0.03515625 0.0328125
2 0.83984375 0.98046875 0.0296875 0.0375
1 0.18125 0.5421875 0.06875 0.06875
1 0.19375 0.66640625 0.03359375 0.03515625