1 0.390625 0.58125 0.034375 0.034375
1 0.1984375 0.6515625 0.0359375 0.028125
1 0.8234375 0.3484375 0.0703125 0.071875
1 0.97734375 0.31796875 0.034375 0.0359375
1 0.70546875 0.4296875 0.034375 0.0375
1 0.62890625 0.46640625 0.0328125 0.0375
1 0.54140625 0.4609375 0.0359375 0.0359375
1 0.45546875 0.496875 0.034375 0.0375
1 0.38125 0.55859375 0.034375 0.0375
1 0.2515625 0.62265625 0.034375 0.0375
1 0.0359375 0.65703125 0.0359375 0.0328125
2 0.8484375 0.97421875 0.0296875 0.0375
1 0.18203125 0.54765625 0.0703125 0.0703125
1 0.196875 0.671875 0.034375 0.0359375