1 0.37890625 0.04921875 0.0328125 0.0359375
1 0.540625 0.1140625 0.034375 0.0359375
1 0.63125 0.19296875 0.0328125 0.0359375
1 0.775 0.26171875 0.0359375 0.0375
1 0.8078125 0.28671875 0.0359375 0.0375
1 0.8875 0.3125 0.034375 0.0375
4 0.59609375 0.171875 0.0375 0.0859375
1 0.140625 0.80703125 0.034375 0.0359375
1 0.1328125 0.85 0.0359375 0.0390625
1 0.225 0.86953125 0.034375 0.0375
1 0.2515625 0.95703125 0.0375 0.0375
6 0.290625 0.71015625 0.04375 0.0453125
2 0.034375 0.52734375 0.03125 0.0390625
6 0.115625 0.28984375 0.0359375 0.040625
6 0.1890625 0.1046875 0.0421875 0.0421875
6 0.3453125 0.1203125 0.040625 0.040625
0 0.46640625 0.19375 0.096875 0.0640625
0 0.7984375 0.515625 0.0984375 0.0671875