2 0.92578125 0.115625 0.0265625 0.028125
2 0.265625 0.16796875 0.0375 0.03125
2 0.6765625 0.69765625 0.0390625 0.034375
2 0.640625 0.69765625 0.0359375 0.034375
2 0.30390625 0.884375 0.0359375 0.0359375
6 0.3046875 0.3953125 0.040625 0.0421875
6 0.771875 0.56796875 0.040625 0.0421875
6 0.47421875 0.584375 0.040625 0.0421875
6 0.3828125 0.54765625 0.0390625 0.0421875
6 0.18046875 0.57265625 0.0390625 0.0375
6 0.05703125 0.5234375 0.0375 0.040625
6 0.0625 0.63203125 0.0375 0.0375
6 0.14140625 0.68046875 0.040625 0.04375
6 0.07734375 0.6875 0.040625 0.0421875
6 0.14609375 0.74453125 0.040625 0.0421875
6 0.08671875 0.75 0.0421875 0.0453125
6 0.47890625 0.76796875 0.0390625 0.0390625
6 0.4015625 0.78359375 0.0390625 0.040625
6 0.2015625 0.80390625 0.0390625 0.0390625
6 0.1171875 0.81328125 0.0375 0.0390625
6 0.13203125 0.85859375 0.0390625 0.040625
6 0.071875 0.8578125 0.0375 0.040625
6 0.409375 0.84921875 0.040625 0.0390625
6 0.40859375 0.91875 0.0375 0.040625
6 0.6078125 0.86640625 0.040625 0.0421875
4 0.40703125 0.621875 0.0421875 0.059375
4 0.03984375 0.69453125 0.040625 0.0609375