2 0.8515625 0.7984375 0.0359375 0.03125
1 0.03984375 0.03828125 0.03359375 0.03515625
1 0.3625 0.05390625 0.0328125 0.03515625
1 0.68515625 0.01796875 0.03515625 0.0359375
1 0.7890625 0.01171875 0.03515625 0.0234375
1 0.771875 0.05546875 0.0328125 0.03515625
1 0.803125 0.10234375 0.02890625 0.03359375
1 0.6640625 0.05 0.03359375 0.0328125
1 0.63125 0.08515625 0.03203125 0.034375
1 0.4828125 0.1484375 0.03125 0.03671875
1 0.51953125 0.22265625 0.0328125 0.03515625
1 0.6609375 0.24140625 0.034375 0.034375
1 0.428125 0.21875 0.03515625 0.0359375
1 0.484375 0.26171875 0.0328125 0.034375
1 0.340625 0.19453125 0.03359375 0.0375
1 0.23359375 0.17265625 0.03359375 0.03515625
1 0.29609375 0.2484375 0.034375 0.03515625
1 0.15625 0.1453125 0.03359375 0.0375
1 0.10625 0.14921875 0.0328125 0.03515625
1 0.034375 0.1875 0.0328125 0.03359375
1 0.1671875 0.228125 0.034375 0.03515625
1 0.2390625 0.32421875 0.0328125 0.0328125
1 0.18359375 0.33984375 0.03203125 0.034375
1 0.21875 0.38828125 0.03203125 0.034375
1 0.24921875 0.4359375 0.0328125 0.034375
1 0.3515625 0.30234375 0.03203125 0.03515625
1 0.37734375 0.3265625 0.034375 0.034375
1 0.1140625 0.46953125 0.0328125 0.03046875
1 0.01875 0.46015625 0.03515625 0.03515625
1 0.14609375 0.4734375 0.03359375 0.034375
1 0.1453125 0.5171875 0.03203125 0.03515625
1 0.23828125 0.53125 0.03125 0.02890625
1 0.25 0.5515625 0.03203125 0.03203125
1 0.32578125 0.59765625 0.0359375 0.03671875
1 0.03828125 0.5875 0.034375 0.03515625
1 0.134375 0.5921875 0.03359375 0.02734375
1 0.13359375 0.6203125 0.03125 0.02734375
1 0.01328125 0.5546875 0.0265625 0.034375
1 0.0125 0.5203125 0.025 0.034375
6 0.34765625 0.81953125 0.03984375 0.0421875