2 0.128125 0.7734375 0.0375 0.034375
1 0.98671875 0.071875 0.0265625 0.0375
1 0.66796875 0.06484375 0.0359375 0.0375
1 0.3484375 0.0125 0.0375 0.025
1 0.24453125 0.003125 0.0359375 0.00625
1 0.26015625 0.0375 0.0359375 0.0375
1 0.225 0.08203125 0.03125 0.0359375
1 0.36796875 0.03984375 0.0359375 0.034375
1 0.39765625 0.07734375 0.034375 0.0359375
1 0.54140625 0.15078125 0.034375 0.0390625
1 0.5 0.221875 0.0359375 0.0375
1 0.3578125 0.23046875 0.0359375 0.0359375
1 0.59140625 0.22421875 0.0375 0.0390625
1 0.53203125 0.26328125 0.034375 0.0359375
1 0.68046875 0.20625 0.0359375 0.0390625
1 0.78828125 0.1921875 0.0359375 0.0375
1 0.72109375 0.26328125 0.0375 0.0375
1 0.86796875 0.1703125 0.0359375 0.0390625
1 0.9171875 0.17734375 0.0359375 0.0375
1 0.984375 0.22109375 0.03125 0.0359375
1 0.85078125 0.25234375 0.0375 0.0375
1 0.77265625 0.34296875 0.034375 0.034375
1 0.8265625 0.3625 0.034375 0.0359375
1 0.78828125 0.4078125 0.034375 0.0359375
1 0.7546875 0.45390625 0.034375 0.0359375
1 0.66171875 0.31328125 0.034375 0.0375
1 0.634375 0.33515625 0.0359375 0.0359375
1 0.8875 0.496875 0.034375 0.0328125
1 0.98203125 0.49375 0.0359375 0.0375
1 0.8546875 0.4984375 0.0359375 0.0359375
1 0.85234375 0.5421875 0.034375 0.0375
1 0.75859375 0.54921875 0.0328125 0.03125
1 0.74609375 0.56875 0.034375 0.034375
1 0.6671875 0.609375 0.0390625 0.0390625
1 0.9546875 0.61953125 0.0375 0.0375
1 0.85859375 0.6171875 0.0359375 0.0296875
1 0.85703125 0.6453125 0.0328125 0.0296875
1 0.98203125 0.58828125 0.028125 0.0359375
1 0.98515625 0.55390625 0.0265625 0.0359375
6 0.6296875 0.8296875 0.0421875 0.0453125