1 0.1203125 0.0765625 0.0375 0.0375
1 0.01640625 0.19296875 0.0328125 0.0390625
1 0.25625 0.184375 0.0359375 0.0390625
1 0.078125 0.246875 0.0296875 0.0328125
1 0.21171875 0.29140625 0.0375 0.0375
1 0.1671875 0.30234375 0.034375 0.0375
1 0.1078125 0.34453125 0.03125 0.0375
1 0.034375 0.36171875 0.034375 0.0375
1 0.29921875 0.3515625 0.0359375 0.0375
1 0.15546875 0.36796875 0.034375 0.0359375
1 0.19765625 0.34921875 0.0328125 0.0359375
1 0.334375 0.371875 0.034375 0.0359375
6 0.5125 0.3671875 0.0375 0.0375
6 0.3828125 0.34765625 0.0359375 0.0375
6 0.88671875 0.371875 0.0375 0.0390625
6 0.80703125 0.5859375 0.0375 0.0390625
6 0.946875 0.71015625 0.0375 0.0390625
6 0.94140625 0.93046875 0.0390625 0.0375
2 0.7015625 0.35078125 0.0265625 0.03125
2 0.7375 0.53203125 0.03125 0.040625
2 0.84140625 0.5609375 0.0328125 0.0359375
2 0.79453125 0.625 0.0328125 0.0375
2 0.328125 0.6734375 0.03125 0.040625
6 0.10078125 0.24140625 0.034375 0.0375