1 0.12734375 0.06953125 0.0359375 0.0375
1 0.021875 0.184375 0.034375 0.0375
1 0.2625 0.1796875 0.034375 0.0390625
1 0.0828125 0.2390625 0.0296875 0.0328125
1 0.21484375 0.28671875 0.0375 0.0359375
1 0.17109375 0.296875 0.0328125 0.0359375
1 0.11015625 0.3375 0.03125 0.0375
1 0.03671875 0.35390625 0.034375 0.0359375
1 0.3015625 0.3484375 0.034375 0.0359375
1 0.1578125 0.36171875 0.034375 0.0359375
1 0.20078125 0.34375 0.03125 0.0359375
1 0.33671875 0.36875 0.0328125 0.0359375
6 0.51484375 0.3671875 0.0359375 0.0359375
6 0.38515625 0.3453125 0.034375 0.0375
6 0.8890625 0.37890625 0.0359375 0.0375
6 0.80546875 0.590625 0.0375 0.0390625
6 0.94296875 0.71796875 0.0375 0.0390625
6 0.93359375 0.93828125 0.0375 0.0375
2 0.7046875 0.3546875 0.0265625 0.03125
2 0.73671875 0.5359375 0.0296875 0.040625
2 0.83984375 0.5671875 0.0328125 0.0359375
2 0.7921875 0.63046875 0.0328125 0.0375
2 0.325 0.6703125 0.03125 0.040625
6 0.10546875 0.234375 0.034375 0.0359375