1 0.85703125 0.05703125 0.03515625 0.0359375
1 0.9671875 0.16796875 0.0328125 0.03671875
1 0.7265625 0.171875 0.03359375 0.0375
1 0.9078125 0.225 0.028125 0.03125
1 0.77734375 0.2765625 0.0359375 0.03515625
1 0.821875 0.28515625 0.03203125 0.03515625
1 0.88359375 0.32421875 0.0296875 0.0359375
1 0.9578125 0.3375 0.0328125 0.03515625
1 0.69296875 0.34140625 0.03359375 0.03515625
1 0.8375 0.35 0.0328125 0.034375
1 0.79375 0.33359375 0.03046875 0.034375
1 0.65859375 0.36328125 0.03203125 0.034375
6 0.48046875 0.36796875 0.03515625 0.03515625
6 0.609375 0.34140625 0.03359375 0.0359375
6 0.10703125 0.3921875 0.03515625 0.03671875
6 0.19765625 0.6015625 0.0359375 0.0375
6 0.06484375 0.73359375 0.0359375 0.0375
6 0.08203125 0.953125 0.03671875 0.0359375
2 0.290625 0.36171875 0.02578125 0.0296875
2 0.26484375 0.54453125 0.02890625 0.0390625
2 0.1625 0.57890625 0.03125 0.034375
2 0.2125 0.640625 0.03125 0.0359375
2 0.68046875 0.6640625 0.0296875 0.03984375
6 0.88515625 0.22109375 0.0328125 0.03515625