2 0.84609375 0.8046875 0.0359375 0.03125
1 0.04765625 0.03046875 0.034375 0.0359375
1 0.3703125 0.0515625 0.0328125 0.0359375
1 0.69375 0.02109375 0.0359375 0.0359375
1 0.79765625 0.0171875 0.0359375 0.0234375
1 0.7796875 0.06015625 0.0328125 0.0359375
1 0.81015625 0.1078125 0.0296875 0.034375
1 0.671875 0.053125 0.034375 0.0328125
1 0.63828125 0.0875 0.0328125 0.034375
1 0.4890625 0.1484375 0.03125 0.0375
1 0.52421875 0.22265625 0.0328125 0.0359375
1 0.665625 0.24453125 0.034375 0.034375
1 0.4328125 0.2171875 0.0359375 0.0359375
1 0.48828125 0.26171875 0.0328125 0.034375
1 0.34609375 0.19140625 0.034375 0.0375
1 0.2390625 0.16796875 0.034375 0.0359375
1 0.30078125 0.24453125 0.034375 0.0359375
1 0.1625 0.1390625 0.034375 0.0375
1 0.1125 0.1421875 0.0328125 0.0359375
1 0.03984375 0.1796875 0.0328125 0.034375
1 0.171875 0.22265625 0.034375 0.0359375
1 0.2421875 0.31953125 0.0328125 0.0328125
1 0.18671875 0.334375 0.0328125 0.034375
1 0.22109375 0.38359375 0.0328125 0.034375
1 0.25 0.43125 0.0328125 0.034375
1 0.3546875 0.3 0.0328125 0.0359375
1 0.38046875 0.32421875 0.034375 0.034375
1 0.11484375 0.4625 0.0328125 0.03125
1 0.01953125 0.4515625 0.0359375 0.0359375
1 0.146875 0.4671875 0.034375 0.034375
1 0.1453125 0.5109375 0.0328125 0.0359375
1 0.2375 0.5265625 0.03125 0.0296875
1 0.24921875 0.546875 0.0328125 0.0328125
1 0.32421875 0.59453125 0.0359375 0.0375
1 0.03671875 0.5796875 0.034375 0.0359375
1 0.1328125 0.5859375 0.034375 0.028125
1 0.13125 0.6140625 0.03125 0.028125
1 0.0125 0.5453125 0.025 0.034375
1 0.0125 0.51171875 0.025 0.034375
6 0.3421875 0.8171875 0.040625 0.0421875