6 0.57265625 0.8578125 0.0390625 0.0375
2 0.49921875 0.8609375 0.0359375 0.0328125
1 0.4546875 0.0234375 0.0359375 0.0390625
1 0.46015625 0.0671875 0.0359375 0.0359375
1 0.5453125 0.034375 0.0359375 0.0390625
1 0.85078125 0.08125 0.0359375 0.0390625
1 0.93203125 0.03203125 0.0328125 0.0359375
1 0.94609375 0.0140625 0.0359375 0.028125
1 0.94140625 0.08515625 0.03125 0.0359375
1 0.96328125 0.07890625 0.0328125 0.0359375
1 0.9703125 0.1078125 0.034375 0.034375
1 0.86171875 0.20234375 0.0328125 0.034375
1 0.9109375 0.2125 0.0328125 0.0359375
1 0.63515625 0.1578125 0.034375 0.0359375
1 0.640625 0.190625 0.034375 0.0359375
1 0.5640625 0.2125 0.034375 0.0375
1 0.6421875 0.29140625 0.034375 0.0375
1 0.68671875 0.38359375 0.0359375 0.0359375
1 0.60234375 0.36328125 0.0328125 0.034375
1 0.78984375 0.321875 0.0328125 0.0359375
1 0.9578125 0.3375 0.0328125 0.0359375
1 0.7921875 0.3625 0.034375 0.0359375
1 0.75625 0.39296875 0.034375 0.0359375
1 0.6171875 0.43984375 0.0359375 0.0375
1 0.7515625 0.42734375 0.0359375 0.0359375
1 0.89453125 0.40390625 0.034375 0.0359375
1 0.89296875 0.4359375 0.0328125 0.034375
1 0.703125 0.55625 0.034375 0.0375
1 0.8734375 0.59296875 0.0375 0.0359375
1 0.89453125 0.72578125 0.034375 0.034375
1 0.97734375 0.7359375 0.034375 0.0359375
1 0.8703125 0.79921875 0.03125 0.0359375