6 0.56015625 0.86015625 0.0375 0.03671875
2 0.48671875 0.8609375 0.03515625 0.03203125
1 0.47109375 0.021875 0.034375 0.0375
1 0.475 0.06640625 0.03515625 0.03515625
1 0.56171875 0.0359375 0.03515625 0.0375
1 0.86484375 0.09375 0.03515625 0.0375
1 0.9484375 0.04765625 0.03203125 0.034375
1 0.9640625 0.0265625 0.034375 0.03515625
1 0.95546875 0.10078125 0.0296875 0.03515625
1 0.97734375 0.0953125 0.03203125 0.03515625
1 0.98359375 0.12421875 0.0328125 0.0328125
1 0.871875 0.21484375 0.03203125 0.03359375
1 0.92109375 0.22734375 0.03203125 0.03515625
1 0.646875 0.1625 0.03359375 0.03515625
1 0.6515625 0.19609375 0.03359375 0.03515625
1 0.57421875 0.21484375 0.0328125 0.0359375
1 0.64921875 0.296875 0.03359375 0.0359375
1 0.690625 0.38984375 0.034375 0.03515625
1 0.60703125 0.3671875 0.03203125 0.03359375
1 0.79609375 0.33203125 0.03203125 0.03515625
1 0.96328125 0.35390625 0.03203125 0.034375
1 0.796875 0.37265625 0.03359375 0.034375
1 0.76015625 0.40234375 0.0328125 0.03515625
1 0.61953125 0.44375 0.03515625 0.0359375
1 0.75390625 0.4359375 0.034375 0.034375
1 0.89765625 0.41796875 0.0328125 0.03515625
1 0.8953125 0.45 0.03203125 0.03359375
1 0.70078125 0.56328125 0.03359375 0.0359375
1 0.8703125 0.60625 0.0359375 0.03515625
1 0.88671875 0.7390625 0.0328125 0.0328125
1 0.96875 0.75234375 0.0328125 0.034375
1 0.859375 0.81171875 0.03046875 0.03515625