6 0.43984375 0.86015625 0.0375 0.0375
2 0.51328125 0.8609375 0.034375 0.03125
1 0.52890625 0.021875 0.034375 0.0375
1 0.525 0.06640625 0.034375 0.034375
1 0.43828125 0.0359375 0.034375 0.0375
1 0.13515625 0.09375 0.034375 0.0375
1 0.0515625 0.04765625 0.03125 0.034375
1 0.0359375 0.0265625 0.034375 0.034375
1 0.04453125 0.10078125 0.0296875 0.034375
1 0.02265625 0.0953125 0.03125 0.034375
1 0.01640625 0.12421875 0.0328125 0.0328125
1 0.128125 0.21484375 0.03125 0.034375
1 0.07890625 0.22734375 0.03125 0.034375
1 0.353125 0.1625 0.034375 0.034375
1 0.3484375 0.19609375 0.034375 0.034375
1 0.42578125 0.21484375 0.0328125 0.0359375
1 0.35078125 0.296875 0.034375 0.0359375
1 0.309375 0.38984375 0.034375 0.034375
1 0.39296875 0.3671875 0.03125 0.034375
1 0.20390625 0.33203125 0.03125 0.034375
1 0.03671875 0.35390625 0.03125 0.034375
1 0.203125 0.37265625 0.034375 0.034375
1 0.23984375 0.40234375 0.0328125 0.034375
1 0.38046875 0.44375 0.034375 0.0359375
1 0.24609375 0.4359375 0.034375 0.034375
1 0.10234375 0.41796875 0.0328125 0.034375
1 0.1046875 0.45 0.03125 0.034375
1 0.29921875 0.56328125 0.034375 0.0359375
1 0.1296875 0.60625 0.0359375 0.034375
1 0.11328125 0.7390625 0.0328125 0.0328125
1 0.03125 0.75234375 0.0328125 0.034375
1 0.140625 0.81171875 0.03125 0.034375