2 0.225 0.23671875 0.0359375 0.03125
2 0.77734375 0.46328125 0.0390625 0.03125
6 0.34296875 0.35234375 0.0421875 0.0390625
1 0.52265625 0.2484375 0.034375 0.0375
1 0.490625 0.3 0.034375 0.0359375
1 0.5375 0.353125 0.034375 0.0359375
1 0.62734375 0.26171875 0.034375 0.0375
1 0.66015625 0.27734375 0.0359375 0.0359375
1 0.71953125 0.30859375 0.034375 0.034375
1 0.7890625 0.05859375 0.034375 0.0375
1 0.78359375 0.10390625 0.0359375 0.0375
1 0.7703125 0.15390625 0.0328125 0.0359375
1 0.8609375 0.18046875 0.034375 0.0375
1 0.98359375 0.20546875 0.0328125 0.0359375
1 0.91484375 0.36484375 0.0328125 0.0359375
1 0.88046875 0.43828125 0.034375 0.034375
1 0.58046875 0.4671875 0.034375 0.0390625
1 0.79453125 0.546875 0.034375 0.0359375
1 0.88515625 0.5515625 0.0359375 0.0359375
1 0.91171875 0.57265625 0.0375 0.0375
1 0.85859375 0.5859375 0.0328125 0.0359375
1 0.8703125 0.68125 0.03125 0.0265625
1 0.8765625 0.70703125 0.03125 0.0328125
1 0.97890625 0.7078125 0.0296875 0.0359375
1 0.953125 0.7859375 0.0328125 0.0328125
1 0.82265625 0.78046875 0.03125 0.034375
1 0.70859375 0.7703125 0.0328125 0.034375
1 0.7296875 0.7859375 0.03125 0.0359375
1 0.7546875 0.846875 0.03125 0.034375
1 0.82421875 0.8703125 0.0265625 0.034375
1 0.9171875 0.87734375 0.0359375 0.034375
1 0.80859375 0.91953125 0.034375 0.0375
1 0.9328125 0.971875 0.0359375 0.0359375