2 0.215625 0.246875 0.03515625 0.0296875
2 0.77578125 0.45390625 0.0375 0.03046875
6 0.33828125 0.3578125 0.040625 0.03828125
1 0.5140625 0.24765625 0.03359375 0.03671875
1 0.48359375 0.30078125 0.03359375 0.03515625
1 0.53203125 0.3515625 0.0328125 0.03515625
1 0.61875 0.2578125 0.03359375 0.0359375
1 0.65234375 0.271875 0.034375 0.03515625
1 0.7125 0.30078125 0.03359375 0.03359375
1 0.7734375 0.0484375 0.0328125 0.03671875
1 0.76953125 0.09453125 0.034375 0.03671875
1 0.7578125 0.14453125 0.03125 0.03515625
1 0.84921875 0.16796875 0.0328125 0.0359375
1 0.97421875 0.1890625 0.0328125 0.03515625
1 0.91015625 0.35078125 0.03125 0.03515625
1 0.878125 0.425 0.0328125 0.03359375
1 0.57890625 0.4640625 0.0328125 0.03828125
1 0.79609375 0.53671875 0.0328125 0.03515625
1 0.88671875 0.53828125 0.034375 0.03515625
1 0.9140625 0.55859375 0.0359375 0.03671875
1 0.86171875 0.5734375 0.03203125 0.034375
1 0.8765625 0.66796875 0.0296875 0.025
1 0.88359375 0.69375 0.03046875 0.03125
1 0.9859375 0.690625 0.028125 0.034375
1 0.9625 0.7703125 0.03125 0.03203125
1 0.83203125 0.76875 0.0296875 0.03359375
1 0.71796875 0.7625 0.03203125 0.03359375
1 0.73984375 0.778125 0.0296875 0.034375
1 0.76640625 0.8375 0.03046875 0.0328125
1 0.83671875 0.85859375 0.025 0.0328125
1 0.93046875 0.8625 0.034375 0.0328125
1 0.8234375 0.90859375 0.0328125 0.03671875
1 0.94921875 0.95625 0.034375 0.034375