2 0.809375 0.278125 0.0375 0.0328125
2 0.23046875 0.425 0.040625 0.034375
6 0.67578125 0.37578125 0.04375 0.0421875
1 0.5125 0.24765625 0.0375 0.040625
1 0.5375 0.30390625 0.0375 0.0390625
1 0.48359375 0.34921875 0.0359375 0.0390625
1 0.40703125 0.246875 0.0375 0.0390625
1 0.37265625 0.25703125 0.0375 0.0390625
1 0.309375 0.2796875 0.0375 0.0375
1 0.275 0.02265625 0.0359375 0.040625
1 0.27421875 0.06875 0.0375 0.040625
1 0.28046875 0.11953125 0.034375 0.0375
1 0.1875 0.13359375 0.0359375 0.0390625
1 0.0609375 0.14140625 0.0359375 0.0390625
1 0.1078125 0.30859375 0.034375 0.0375
1 0.13203125 0.3859375 0.0359375 0.0375
1 0.425 0.45625 0.0359375 0.0421875
1 0.2015625 0.50546875 0.0359375 0.0390625
1 0.11171875 0.49765625 0.0375 0.0390625
1 0.08203125 0.51484375 0.0390625 0.040625
1 0.1328125 0.53515625 0.0359375 0.0375
1 0.1078125 0.62734375 0.0328125 0.028125
1 0.0984375 0.65234375 0.0328125 0.034375
1 0.00625 0.6390625 0.0125 0.0375
1 0.0140625 0.7203125 0.028125 0.034375
1 0.14140625 0.7328125 0.0328125 0.0359375
1 0.25546875 0.73828125 0.0359375 0.0375
1 0.23203125 0.7515625 0.0328125 0.0375
1 0.2 0.8078125 0.034375 0.0359375
1 0.12734375 0.82109375 0.028125 0.0359375
1 0.034375 0.815625 0.0375 0.0359375
1 0.1359375 0.87265625 0.0359375 0.040625
1 0.01171875 0.90625 0.0234375 0.0375