6 0.23125 0.41328125 0.03515625 0.0359375
6 0.4171875 0.828125 0.03984375 0.0390625
6 0.92265625 0.37578125 0.040625 0.04140625
6 0.58515625 0.103125 0.04296875 0.0421875
6 0.63359375 0.1 0.0375 0.03984375
6 0.11484375 0.58828125 0.03515625 0.03515625
5 0.0375 0.8171875 0.06171875 0.0390625
5 0.221875 0.97109375 0.06171875 0.03828125
5 0.6765625 0.8265625 0.06015625 0.0359375
5 0.9625 0.434375 0.04453125 0.06015625
0 0.121875 0.38828125 0.03515625 0.0296875
0 0.45234375 0.765625 0.0359375 0.0359375