5 0.21484375 0.1015625 0.0609375 0.0390625
5 0.21015625 0.22578125 0.0609375 0.0390625
5 0.2953125 0.30390625 0.0609375 0.040625
5 0.33125 0.3625 0.0609375 0.0390625
5 0.4 0.40703125 0.0609375 0.0375
5 0.4921875 0.51328125 0.0625 0.0421875
5 0.72109375 0.4921875 0.059375 0.0375
5 0.7140625 0.70703125 0.059375 0.0375
5 0.8109375 0.83125 0.0609375 0.0359375
5 0.85390625 0.16796875 0.0625 0.0390625
6 0.796875 0.6234375 0.0375 0.0375
6 0.73203125 0.82890625 0.0375 0.0375
6 0.98046875 0.09453125 0.025 0.040625