5 0.24296875 0.0828125 0.0625 0.0421875
5 0.2296875 0.20625 0.0625 0.0421875
5 0.309375 0.28984375 0.0625 0.0421875
5 0.34140625 0.35078125 0.0625 0.040625
5 0.40703125 0.40078125 0.0625 0.0390625
5 0.49140625 0.5125 0.0640625 0.04375
5 0.72109375 0.5078125 0.0609375 0.0390625
5 0.69921875 0.721875 0.0609375 0.0390625
5 0.7875 0.85234375 0.0625 0.0375
5 0.87578125 0.19375 0.0640625 0.040625
6 0.7875 0.64453125 0.0390625 0.0390625
6 0.70859375 0.84453125 0.0390625 0.0390625
6 0.996875 0.12890625 0.00625 0.0421875