5 0.221875 0.096875 0.0609375 0.03828125
5 0.21484375 0.22109375 0.0609375 0.03828125
5 0.2984375 0.3 0.0609375 0.0390625
5 0.33359375 0.359375 0.0609375 0.0375
5 0.4015625 0.40546875 0.06015625 0.03671875
5 0.4921875 0.51328125 0.06171875 0.040625
5 0.72109375 0.49609375 0.059375 0.0359375
5 0.71015625 0.7109375 0.05859375 0.0359375
5 0.80546875 0.83671875 0.0609375 0.034375
5 0.859375 0.17421875 0.06171875 0.0375
6 0.79453125 0.62890625 0.0375 0.03671875
6 0.7265625 0.8328125 0.0375 0.03671875
6 0.9875 0.103125 0.025 0.040625