6 0.1296875 0.1984375 0.040625 0.040625
6 0.4109375 0.25234375 0.040625 0.040625
6 0.3390625 0.3453125 0.0390625 0.0421875
6 0.39140625 0.5125 0.0390625 0.040625
6 0.33046875 0.59296875 0.0421875 0.0390625
6 0.2765625 0.6625 0.040625 0.040625
6 0.0609375 0.3515625 0.0390625 0.040625
6 0.01484375 0.3484375 0.0296875 0.040625
6 0.50234375 0.75 0.0703125 0.071875
1 0.73671875 0.475 0.08125 0.090625
1 0.8296875 0.61875 0.08125 0.0859375
1 0.92421875 0.8375 0.08125 0.0890625
1 0.66640625 0.9453125 0.0828125 0.0859375
1 0.5625 0.89140625 0.0796875 0.090625