6 0.875 0.20546875 0.040625 0.0421875
6 0.59296875 0.25390625 0.0421875 0.0421875
6 0.66328125 0.3484375 0.0390625 0.04375
6 0.60859375 0.51484375 0.040625 0.0421875
6 0.66796875 0.5953125 0.04375 0.040625
6 0.72109375 0.66640625 0.040625 0.040625
6 0.94140625 0.359375 0.0390625 0.040625
6 0.9859375 0.35625 0.028125 0.040625
6 0.49375 0.75 0.0703125 0.071875
1 0.2640625 0.47109375 0.0828125 0.090625
1 0.16875 0.61328125 0.0828125 0.0875
1 0.06953125 0.83046875 0.0828125 0.0890625
1 0.32578125 0.9421875 0.084375 0.0875
1 0.43046875 0.890625 0.08125 0.0921875