6 0.85390625 0.1796875 0.03828125 0.0390625
6 0.57578125 0.24765625 0.0390625 0.0390625
6 0.65234375 0.3375 0.03671875 0.040625
6 0.609375 0.50703125 0.0375 0.0390625
6 0.67421875 0.58359375 0.040625 0.0375
6 0.73203125 0.65078125 0.03828125 0.03828125
6 0.93046875 0.32890625 0.03671875 0.03828125
6 0.9796875 0.3234375 0.03515625 0.03828125
6 0.5109375 0.75 0.06640625 0.06796875
1 0.2625 0.4875 0.07734375 0.0859375
1 0.17734375 0.6359375 0.0765625 0.0828125
1 0.09375 0.859375 0.07734375 0.084375
1 0.35703125 0.953125 0.07890625 0.08203125
1 0.4578125 0.89453125 0.075 0.08671875