6 0.821875 0.1171875 0.0421875 0.0421875
6 0.5796875 0.17734375 0.040625 0.040625
6 0.90703125 0.35234375 0.0390625 0.0390625
6 0.95625 0.36015625 0.0390625 0.0421875
6 0.884375 0.453125 0.0375 0.0421875
6 0.16875 0.7421875 0.040625 0.0390625
6 0.071875 0.8546875 0.046875 0.0453125
5 0.58828125 0.05546875 0.0609375 0.040625
5 0.4609375 0.20546875 0.0609375 0.040625
5 0.68828125 0.15859375 0.0625 0.040625
5 0.63359375 0.35546875 0.0609375 0.0390625
5 0.92109375 0.04921875 0.0625 0.040625
5 0.5296875 0.76171875 0.0625 0.040625
5 0.4421875 0.86640625 0.0609375 0.0390625