5 0.97265625 0.2421875 0.0546875 0.03984375
6 0.23828125 0.3890625 0.03828125 0.03671875
6 0.17421875 0.528125 0.03671875 0.03828125
6 0.17734375 0.52265625 0.0796875 0.08046875
6 0.62734375 0.40546875 0.0359375 0.03515625
6 0.7234375 0.85703125 0.0375 0.0359375
6 0.4796875 0.9203125 0.03828125 0.0390625
6 0.83515625 0.97265625 0.03671875 0.03671875
1 0.121875 0.92109375 0.075 0.08359375
1 0.2265625 0.85078125 0.075 0.08203125
1 0.26640625 0.8921875 0.0734375 0.08203125
1 0.55546875 0.26875 0.07265625 0.084375
1 0.6953125 0.4109375 0.07734375 0.084375
1 0.8734375 0.3984375 0.0828125 0.0796875
1 0.865625 0.265625 0.07890625 0.084375
1 0.56796875 0.115625 0.0765625 0.08203125