6 0.24921875 0.06640625 0.04375 0.04375
6 0.47734375 0.16875 0.040625 0.040625
6 0.12421875 0.28359375 0.040625 0.040625
6 0.075 0.28359375 0.040625 0.04375
6 0.12890625 0.3875 0.0390625 0.0421875
6 0.78359375 0.79609375 0.040625 0.040625
6 0.86015625 0.9234375 0.0484375 0.046875
5 0.490625 0.04765625 0.0609375 0.0421875
5 0.58984375 0.21640625 0.0625 0.0421875
5 0.37421875 0.13125 0.0625 0.0421875
5 0.39296875 0.33515625 0.0625 0.040625
5 0.42578125 0.753125 0.0640625 0.0421875
5 0.49296875 0.87109375 0.0625 0.040625