5 0.9484375 0.20234375 0.0578125 0.04375
6 0.2296875 0.4125 0.040625 0.040625
6 0.178125 0.55625 0.040625 0.040625
6 0.18046875 0.55078125 0.0859375 0.0875
6 0.61875 0.39453125 0.0390625 0.0375
6 0.75390625 0.8359375 0.040625 0.0390625
6 0.51640625 0.9203125 0.0421875 0.0421875
6 0.875 0.94140625 0.0390625 0.0390625
1 0.16015625 0.95234375 0.08125 0.0890625
1 0.2578125 0.8734375 0.08125 0.0875
1 0.3015625 0.9109375 0.0796875 0.0875
1 0.53515625 0.26484375 0.0796875 0.090625
1 0.68671875 0.39453125 0.084375 0.090625
1 0.86328125 0.36640625 0.0890625 0.0859375
1 0.84375 0.234375 0.0859375 0.090625
1 0.534375 0.1109375 0.0828125 0.0890625