6 0.20546875 0.0953125 0.03984375 0.0390625
6 0.44296875 0.17265625 0.0375 0.0375
6 0.10390625 0.32421875 0.03671875 0.03671875
6 0.0546875 0.32890625 0.0359375 0.03984375
6 0.11953125 0.4265625 0.03515625 0.0390625
6 0.81328125 0.76484375 0.0375 0.03671875
6 0.90234375 0.88359375 0.04375 0.04296875
5 0.44296875 0.05078125 0.0578125 0.0359375
5 0.559375 0.20859375 0.05859375 0.0359375
5 0.3359375 0.14609375 0.059375 0.03671875
5 0.3765625 0.346875 0.05859375 0.03515625
5 0.11171875 0.02109375 0.059375 0.0359375
5 0.45234375 0.759375 0.06015625 0.0359375
5 0.53203125 0.86953125 0.05859375 0.03515625