5 0.96328125 0.22578125 0.05625 0.0421875
6 0.234375 0.3984375 0.0390625 0.0375
6 0.17578125 0.53984375 0.0375 0.0390625
6 0.178125 0.53359375 0.0828125 0.0828125
6 0.62421875 0.40078125 0.0375 0.0359375
6 0.7359375 0.84921875 0.0390625 0.0375
6 0.49453125 0.92109375 0.0390625 0.040625
6 0.8515625 0.9609375 0.0375 0.0375
1 0.13671875 0.934375 0.078125 0.0859375
1 0.2390625 0.86015625 0.078125 0.084375
1 0.28046875 0.9 0.0765625 0.084375
1 0.54765625 0.2671875 0.075 0.0875
1 0.6921875 0.40390625 0.0796875 0.0875
1 0.86953125 0.38515625 0.0859375 0.0828125
1 0.85703125 0.253125 0.08125 0.0875
1 0.5546875 0.11328125 0.0796875 0.084375