5 0.38125 0.03046875 0.06015625 0.0375
5 0.2484375 0.12578125 0.06171875 0.0375
5 0.10078125 0.2421875 0.06171875 0.03828125
5 0.865625 0.76015625 0.05859375 0.03515625
5 0.23203125 0.85234375 0.05859375 0.034375
1 0.3203125 0.115625 0.07734375 0.08125
1 0.30390625 0.265625 0.075 0.08203125
1 0.1734375 0.25859375 0.08046875 0.08046875
1 0.1328125 0.4125 0.07890625 0.07578125
6 0.209375 0.36171875 0.0359375 0.03515625
6 0.27421875 0.82265625 0.03671875 0.0375
6 0.30859375 0.96484375 0.03671875 0.03671875