5 0.8046875 0.18515625 0.0609375 0.0359375
5 0.04765625 0.03828125 0.059375 0.0359375
5 0.4203125 0.84453125 0.059375 0.0359375
6 0.56171875 0.959375 0.059375 0.0359375
6 0.62265625 0.25078125 0.0359375 0.0375
6 0.6640625 0.2890625 0.0359375 0.0359375
6 0.44921875 0.31171875 0.0359375 0.0375
6 0.26796875 0.11796875 0.040625 0.0375
6 0.10625 0.05625 0.0359375 0.0375
6 0.6453125 0.43828125 0.0359375 0.040625
6 0.50390625 0.4265625 0.0359375 0.0375
6 0.31953125 0.65625 0.0375 0.0390625
6 0.075 0.67265625 0.0375 0.0390625
6 0.36171875 0.878125 0.0375 0.0390625