5 0.83125 0.2125 0.0640625 0.040625
5 0.0890625 0.01015625 0.0625 0.0203125
5 0.390625 0.83671875 0.0625 0.040625
6 0.52109375 0.96328125 0.0625 0.040625
6 0.64375 0.2625 0.0390625 0.040625
6 0.68203125 0.30390625 0.0390625 0.0390625
6 0.465625 0.3078125 0.0390625 0.040625
6 0.30234375 0.09921875 0.04375 0.040625
6 0.14609375 0.0234375 0.0390625 0.040625
6 0.65078125 0.4515625 0.0390625 0.04375
6 0.51015625 0.42734375 0.0390625 0.040625
6 0.30703125 0.63984375 0.040625 0.0421875
6 0.06171875 0.634375 0.040625 0.0421875
6 0.32890625 0.86484375 0.040625 0.0421875