5 0.20078125 0.1796875 0.06015625 0.03515625
5 0.96015625 0.04609375 0.05859375 0.034375
5 0.5734375 0.84609375 0.05859375 0.034375
6 0.43046875 0.95859375 0.059375 0.034375
6 0.38203125 0.2484375 0.03515625 0.0375
6 0.33984375 0.2859375 0.03515625 0.03515625
6 0.55390625 0.3125 0.03515625 0.0375
6 0.73828125 0.121875 0.03984375 0.03671875
6 0.9015625 0.06328125 0.0359375 0.0375
6 0.35546875 0.4359375 0.03515625 0.03984375
6 0.49765625 0.4265625 0.03515625 0.0375
6 0.67734375 0.659375 0.03671875 0.0390625
6 0.921875 0.6796875 0.0375 0.0390625
6 0.63203125 0.88046875 0.03671875 0.0390625