1 0.2328125 0.19375 0.06796875 0.0671875
1 0.45703125 0.23125 0.06875 0.06875
1 0.12109375 0.4515625 0.03203125 0.03203125
1 0.1796875 0.41484375 0.03046875 0.03359375
1 0.234375 0.3890625 0.0296875 0.03359375
1 0.27734375 0.353125 0.028125 0.0328125
1 0.32421875 0.31953125 0.03046875 0.0328125
1 0.37578125 0.2890625 0.03125 0.0328125
2 0.36875 0.54609375 0.02890625 0.03515625
2 0.51015625 0.3796875 0.0265625 0.034375
2 0.54609375 0.35625 0.03203125 0.02734375
2 0.3765625 0.078125 0.034375 0.028125