6 0.49296875 0.209375 0.03828125 0.03671875
6 0.35546875 0.47578125 0.0390625 0.0390625
6 0.68046875 0.49609375 0.02734375 0.028125
6 0.628125 0.46875 0.028125 0.02890625
6 0.57109375 0.44140625 0.0296875 0.028125
6 0.52890625 0.44296875 0.02578125 0.0265625
6 0.5421875 0.4 0.02578125 0.02734375
6 0.609375 0.43515625 0.0265625 0.0265625
6 0.66328125 0.46484375 0.02734375 0.025
1 0.78359375 0.05078125 0.03125 0.0328125
1 0.83203125 0.1234375 0.03125 0.034375
1 0.9515625 0.20546875 0.034375 0.03359375
1 0.5890625 0.06484375 0.0703125 0.06796875
1 0.303125 0.55625 0.034375 0.034375
1 0.05078125 0.43515625 0.06875 0.06953125
1 0.11015625 0.6390625 0.03359375 0.03515625
1 0.05078125 0.68203125 0.03359375 0.03515625
1 0.0296875 0.6546875 0.03203125 0.03515625
0 0.28046875 0.32890625 0.09140625 0.0640625
2 0.4328125 0.35703125 0.03515625 0.028125
2 0.775 0.50390625 0.028125 0.03515625
2 0.81015625 0.56875 0.02578125 0.02578125
2 0.75 0.55546875 0.03125 0.034375
2 0.9609375 0.6453125 0.0265625 0.03359375