6 0.4921875 0.209375 0.040625 0.0390625
6 0.64296875 0.46796875 0.040625 0.040625
6 0.31953125 0.50546875 0.028125 0.0296875
6 0.3703125 0.47578125 0.0296875 0.0296875
6 0.42578125 0.4453125 0.03125 0.0296875
6 0.46796875 0.44453125 0.0265625 0.028125
6 0.45234375 0.40234375 0.0265625 0.028125
6 0.3875 0.440625 0.028125 0.028125
6 0.33515625 0.4734375 0.028125 0.0265625
1 0.19296875 0.06640625 0.0328125 0.034375
1 0.1484375 0.14140625 0.0328125 0.0359375
1 0.03359375 0.2296875 0.0359375 0.0359375
1 0.38828125 0.0703125 0.0734375 0.071875
1 0.69921875 0.54609375 0.0359375 0.0359375
1 0.9453125 0.41171875 0.071875 0.0734375
1 0.896875 0.61875 0.0359375 0.0375
1 0.9578125 0.65859375 0.0359375 0.0375
1 0.978125 0.6296875 0.034375 0.0375
0 0.71015625 0.31796875 0.0953125 0.06875
2 0.559375 0.35390625 0.0359375 0.0296875
2 0.22578125 0.51796875 0.0296875 0.0359375
2 0.19375 0.58515625 0.0265625 0.0265625
2 0.253125 0.56875 0.0328125 0.0359375
2 0.04765625 0.66953125 0.028125 0.034375