2 0.85078125 0.45234375 0.025 0.028125
2 0.46953125 0.55703125 0.03125 0.0390625
2 0.91796875 0.6375 0.028125 0.0328125
2 0.6265625 0.77265625 0.0296875 0.0375
2 0.6625 0.82890625 0.0328125 0.0359375
1 0.9171875 0.19921875 0.0359375 0.034375
1 0.84375 0.26640625 0.0359375 0.0359375
1 0.24375 0.6546875 0.0328125 0.0359375
1 0.1375 0.71328125 0.034375 0.0359375
1 0.03984375 0.76171875 0.034375 0.034375
1 0.5875 0.62109375 0.0328125 0.034375
6 0.40625 0.796875 0.0359375 0.0375
6 0.715625 0.88046875 0.0375 0.0390625
0 0.36015625 0.88671875 0.090625 0.065625