6 0.48828125 0.209375 0.0390625 0.0375
6 0.3546875 0.478125 0.0390625 0.0390625
6 0.68046875 0.49296875 0.028125 0.028125
6 0.62734375 0.46640625 0.028125 0.0296875
6 0.5703125 0.43984375 0.0296875 0.028125
6 0.528125 0.4421875 0.0265625 0.0265625
6 0.540625 0.39921875 0.0265625 0.028125
6 0.60859375 0.43359375 0.0265625 0.0265625
6 0.6625 0.46171875 0.028125 0.025
1 0.77578125 0.04609375 0.03125 0.0328125
1 0.82578125 0.11796875 0.03125 0.034375
1 0.94609375 0.19765625 0.034375 0.034375
1 0.58125 0.06328125 0.071875 0.06875
1 0.30390625 0.559375 0.034375 0.034375
1 0.05 0.44296875 0.0703125 0.0703125
1 0.1125 0.64609375 0.034375 0.0359375
1 0.05390625 0.68984375 0.034375 0.0359375
1 0.0328125 0.6625 0.0328125 0.0359375
0 0.27734375 0.3328125 0.0921875 0.065625
2 0.43046875 0.35859375 0.0359375 0.028125
2 0.775 0.49921875 0.028125 0.0359375
2 0.8109375 0.56328125 0.0265625 0.0265625
2 0.75078125 0.55078125 0.03125 0.034375
2 0.96328125 0.6375 0.0265625 0.034375