1 0.21171875 0.31953125 0.0765625 0.0765625
1 0.08359375 0.390625 0.075 0.075
1 0.26484375 0.540625 0.075 0.075
1 0.23515625 0.5 0.034375 0.0375
1 0.14609375 0.5765625 0.0328125 0.0359375
1 0.08046875 0.6109375 0.0359375 0.0375
1 0.05703125 0.63671875 0.0390625 0.0375
1 0.01015625 0.58671875 0.0203125 0.0359375
2 0.25625 0.828125 0.0390625 0.0359375
1 0.5734375 0.96875 0.0375 0.0390625
1 0.69375 0.975 0.0375 0.0375
6 0.4140625 0.81875 0.0296875 0.0296875
6 0.40703125 0.88046875 0.0296875 0.0296875
6 0.39921875 0.93984375 0.028125 0.0296875