2 0.1484375 0.45859375 0.025 0.02734375
2 0.53125 0.55625 0.03125 0.03828125
2 0.084375 0.64453125 0.02734375 0.0328125
2 0.378125 0.775 0.02890625 0.03671875
2 0.34296875 0.83203125 0.0328125 0.03515625
1 0.07734375 0.20625 0.03515625 0.034375
1 0.15234375 0.27265625 0.03515625 0.0359375
1 0.75859375 0.65 0.03203125 0.03515625
1 0.86640625 0.70703125 0.03359375 0.0359375
1 0.96484375 0.75390625 0.034375 0.034375
1 0.41484375 0.62265625 0.03203125 0.034375
6 0.59921875 0.7953125 0.03515625 0.0375
6 0.29140625 0.884375 0.03671875 0.03828125
0 0.646875 0.884375 0.08984375 0.0640625