2 0.14921875 0.45234375 0.025 0.028125
2 0.53046875 0.55703125 0.03125 0.0390625
2 0.08203125 0.6375 0.028125 0.0328125
2 0.3734375 0.77265625 0.0296875 0.0375
2 0.3375 0.82890625 0.0328125 0.0359375
1 0.0828125 0.19921875 0.0359375 0.034375
1 0.15625 0.26640625 0.0359375 0.0359375
1 0.75625 0.6546875 0.0328125 0.0359375
1 0.8625 0.71328125 0.034375 0.0359375
1 0.96015625 0.76171875 0.034375 0.034375
1 0.4125 0.62109375 0.0328125 0.034375
6 0.59375 0.796875 0.0359375 0.0375
6 0.284375 0.88046875 0.0375 0.0390625
0 0.63984375 0.88671875 0.090625 0.065625