1 0.80546875 0.35078125 0.06953125 0.06953125
1 0.92578125 0.43515625 0.06875 0.06796875
1 0.7296875 0.56484375 0.06875 0.06875
1 0.76328125 0.52734375 0.03125 0.034375
1 0.84375 0.61328125 0.0296875 0.03359375
1 0.90546875 0.65390625 0.03203125 0.034375
1 0.9265625 0.68203125 0.03515625 0.03359375
1 0.984375 0.6390625 0.03125 0.03359375
2 0.7078125 0.8515625 0.0359375 0.03203125
1 0.378125 0.95859375 0.034375 0.0359375
1 0.2578125 0.95234375 0.03359375 0.034375
1 0.08203125 0.984375 0.0359375 0.03125
6 0.55234375 0.82578125 0.0265625 0.02734375
6 0.55234375 0.88828125 0.0265625 0.02734375
6 0.55390625 0.94765625 0.02578125 0.02734375