1 0.8125 0.3671875 0.0734375 0.0734375
1 0.92890625 0.4578125 0.071875 0.071875
1 0.72578125 0.5765625 0.071875 0.071875
1 0.76171875 0.54140625 0.0328125 0.0359375
1 0.8375 0.63125 0.03125 0.034375
1 0.896875 0.675 0.034375 0.0359375
1 0.91640625 0.70390625 0.0375 0.0359375
1 0.9765625 0.6640625 0.0328125 0.0359375
2 0.6890625 0.86171875 0.0375 0.034375
1 0.35390625 0.9515625 0.0359375 0.0375
1 0.234375 0.9390625 0.0359375 0.0359375
1 0.05703125 0.96171875 0.0375 0.0328125
6 0.53515625 0.828125 0.028125 0.028125
6 0.53203125 0.890625 0.028125 0.028125
6 0.53046875 0.95 0.0265625 0.028125