1 0.0375 0.1796875 0.0359375 0.0359375
1 0.0390625 0.265625 0.034375 0.0328125
1 0.1390625 0.25234375 0.0359375 0.034375
1 0.25078125 0.32578125 0.0359375 0.0359375
1 0.14765625 0.35390625 0.034375 0.0375
1 0.34609375 0.390625 0.0359375 0.0359375
1 0.24765625 0.41640625 0.0359375 0.034375
1 0.3453125 0.484375 0.034375 0.034375
1 0.4390625 0.46640625 0.0328125 0.034375
1 0.4484375 0.56171875 0.0359375 0.0359375
1 0.59140625 0.56484375 0.0703125 0.0703125
0 0.76171875 0.2171875 0.084375 0.0828125
0 0.853125 0.1078125 0.084375 0.0796875