1 0.04921875 0.1640625 0.034375 0.03515625
1 0.04765625 0.25 0.0328125 0.03203125
1 0.14765625 0.23984375 0.034375 0.03359375
1 0.25703125 0.3171875 0.034375 0.03515625
1 0.153125 0.34140625 0.0328125 0.03671875
1 0.35 0.38515625 0.03515625 0.034375
1 0.25078125 0.4078125 0.034375 0.03359375
1 0.34609375 0.47890625 0.03359375 0.0328125
1 0.440625 0.4640625 0.03203125 0.03359375
1 0.44609375 0.56015625 0.03515625 0.034375
1 0.5890625 0.56796875 0.06796875 0.06796875
0 0.77109375 0.2265625 0.08125 0.0796875
0 0.86640625 0.1203125 0.08125 0.0765625