1 0.94453125 0.15625 0.034375 0.0359375
1 0.94765625 0.2421875 0.0328125 0.0328125
1 0.84765625 0.23359375 0.034375 0.034375
1 0.73984375 0.31328125 0.034375 0.0359375
1 0.84375 0.33515625 0.0328125 0.0375
1 0.64765625 0.3828125 0.0359375 0.034375
1 0.74765625 0.403125 0.034375 0.034375
1 0.653125 0.4765625 0.034375 0.0328125
1 0.55859375 0.46328125 0.0328125 0.034375
1 0.5546875 0.559375 0.0359375 0.034375
1 0.4125 0.56953125 0.06875 0.06875
0 0.22421875 0.23125 0.0828125 0.08125
0 0.12734375 0.1265625 0.0828125 0.078125