4 0.10546875 0.11640625 0.04375 0.084375
4 0.26015625 0.15546875 0.0421875 0.075
4 0.41796875 0.15078125 0.059375 0.075
4 0.59140625 0.1453125 0.0453125 0.08125
4 0.64140625 0.19296875 0.04375 0.075
4 0.78671875 0.2046875 0.0453125 0.0890625
4 0.8796875 0.18046875 0.04375 0.075
4 0.953125 0.22265625 0.0390625 0.071875
4 0.6671875 0.29375 0.0421875 0.0734375
4 0.53046875 0.37890625 0.0421875 0.0859375
4 0.4265625 0.3921875 0.04375 0.0734375
4 0.334375 0.36484375 0.04375 0.0796875
4 0.12265625 0.29296875 0.040625 0.084375
4 0.2 0.54765625 0.0390625 0.0734375
4 0.28515625 0.4609375 0.0421875 0.075
4 0.165625 0.6578125 0.040625 0.075
4 0.30234375 0.590625 0.0390625 0.0828125
4 0.43515625 0.6296875 0.0375 0.084375
4 0.70234375 0.4953125 0.0375 0.084375
4 0.93125 0.35234375 0.0390625 0.071875
4 0.65 0.0671875 0.040625 0.075
4 0.85078125 0.52734375 0.0390625 0.084375
4 0.74140625 0.64609375 0.0421875 0.075
4 0.69296875 0.7015625 0.04375 0.0859375
4 0.5828125 0.746875 0.040625 0.075
4 0.40078125 0.8671875 0.0484375 0.0765625
4 0.15546875 0.7984375 0.040625 0.0734375
4 0.221875 0.8421875 0.0453125 0.0859375
4 0.83515625 0.88125 0.0421875 0.0734375
4 0.746875 0.91796875 0.0375 0.084375
4 0.96796875 0.78125 0.0421875 0.0734375
0 0.171875 0.28125 0.0625 0.1
0 0.4078125 0.2578125 0.0515625 0.0984375
0 0.5375 0.3125 0.1 0.053125
0 0.58203125 0.575 0.0953125 0.06875
0 0.09609375 0.53671875 0.0515625 0.103125
0 0.52890625 0.7703125 0.0703125 0.096875
0 0.2 0.91875 0.0953125 0.0578125
0 0.559375 0.9078125 0.0953125 0.0703125
0 0.6921875 0.9265625 0.090625 0.0671875
0 0.94296875 0.25546875 0.09375 0.0703125
0 0.55390625 0.0484375 0.09375 0.06875
0 0.65390625 0.40078125 0.09375 0.06875
0 0.884375 0.5703125 0.096875 0.065625
0 0.95 0.67890625 0.0890625 0.0671875