0 0.05625 0.4703125 0.028125 0.040625
0 0.159375 0.1953125 0.03125 0.0390625
0 0.32578125 0.17890625 0.0265625 0.0375
0 0.37265625 0.034375 0.028125 0.0375
0 0.57890625 0.234375 0.0265625 0.0359375
0 0.759375 0.17265625 0.025 0.0390625
0 0.5703125 0.33125 0.0359375 0.03125
0 0.48984375 0.5484375 0.0375 0.03125
0 0.05859375 0.778125 0.028125 0.0390625
4 0.86328125 0.046875 0.046875 0.059375
4 0.8765625 0.1859375 0.04375 0.0609375
4 0.40390625 0.40546875 0.05 0.0625
4 0.10546875 0.53515625 0.0484375 0.0625
4 0.5328125 0.7390625 0.0453125 0.0625
4 0.81328125 0.62734375 0.0453125 0.059375
5 0.30078125 0.1078125 0.034375 0.0609375
5 0.296875 0.2140625 0.0390625 0.0640625
5 0.0625 0.1265625 0.0421875 0.0625
5 0.05859375 0.20390625 0.0375 0.059375
5 0.38984375 0.303125 0.0375 0.0625
5 0.32578125 0.3703125 0.0375 0.065625
5 0.19609375 0.4875 0.0390625 0.0609375
5 0.07890625 0.85625 0.0359375 0.0625
5 0.1828125 0.78359375 0.040625 0.0609375
5 0.28046875 0.71328125 0.0328125 0.0625
5 0.3390625 0.6859375 0.040625 0.0625
5 0.4125 0.84921875 0.0359375 0.065625
5 0.471875 0.84140625 0.034375 0.0625
5 0.55390625 0.82578125 0.0375 0.0625
5 0.6078125 0.90234375 0.034375 0.0609375
5 0.759375 0.76328125 0.040625 0.059375
5 0.8234375 0.83359375 0.0375 0.059375
5 0.91640625 0.825 0.0375 0.0625
5 0.82421875 0.71640625 0.0375 0.0609375
5 0.9515625 0.52890625 0.040625 0.0625
5 0.4546875 0.58359375 0.0390625 0.0625
5 0.58671875 0.484375 0.0375 0.059375
5 0.91953125 0.2125 0.0390625 0.0625
1 0.50703125 0.2515625 0.05625 0.053125
6 0.24609375 0.3875 0.034375 0.0359375
1 0.203125 0.94921875 0.0546875 0.0515625