0 0.4875 0.2328125 0.034375 0.040625
0 0.1515625 0.05390625 0.08125 0.08125
0 0.6375 0.17109375 0.1 0.046875
0 0.66875 0.3140625 0.0625 0.08125
0 0.65078125 0.5453125 0.065625 0.096875
0 0.221875 0.51953125 0.0375 0.040625
0 0.80234375 0.7640625 0.034375 0.040625
0 0.36015625 0.8578125 0.040625 0.0296875
4 0.5234375 0.38671875 0.0625 0.034375
4 0.27109375 0.07734375 0.028125 0.0640625
4 0.89140625 0.40078125 0.040625 0.065625
4 0.11015625 0.859375 0.05 0.059375
4 0.22265625 0.953125 0.034375 0.0671875
4 0.3109375 0.7484375 0.040625 0.0625
4 0.06953125 0.65703125 0.053125 0.0578125
5 0.05859375 0.6015625 0.040625 0.059375
5 0.1640625 0.65 0.04375 0.0578125
5 0.25703125 0.71484375 0.0421875 0.059375
5 0.37109375 0.796875 0.040625 0.059375
5 0.46015625 0.86328125 0.04375 0.0609375
5 0.57890625 0.93203125 0.0421875 0.059375