5 0.03125 0.10234375 0.05 0.0578125
5 0.1625 0.18359375 0.046875 0.059375
5 0.33515625 0.3046875 0.04375 0.059375
5 0.4375 0.3828125 0.0453125 0.059375
5 0.54296875 0.44609375 0.0453125 0.059375
5 0.66015625 0.51796875 0.0453125 0.059375
5 0.72890625 0.60234375 0.046875 0.0609375
5 0.8546875 0.67890625 0.0453125 0.059375
5 0.9609375 0.73828125 0.0453125 0.059375
5 0.08203125 0.4546875 0.0421875 0.0640625
4 0.1796875 0.5015625 0.0609375 0.053125
4 0.40078125 0.65390625 0.0609375 0.053125
4 0.609375 0.7359375 0.0328125 0.065625
4 0.77109375 0.65703125 0.03125 0.065625
4 0.57578125 0.2953125 0.028125 0.065625
0 0.9890625 0.94140625 0.021875 0.0390625