0 0.5703125 0.05546875 0.1 0.08125
0 0.5609375 0.21640625 0.096875 0.0828125
0 0.87890625 0.27890625 0.10625 0.0671875
0 0.95859375 0.34609375 0.0640625 0.109375
0 0.37890625 0.87421875 0.0609375 0.109375
4 0.16875 0.04921875 0.05 0.078125
4 0.41640625 0.05859375 0.0484375 0.0890625
4 0.65234375 0.09765625 0.0515625 0.090625
4 0.84140625 0.209375 0.0484375 0.0890625
4 0.7453125 0.3375 0.0484375 0.0796875
4 0.35703125 0.3171875 0.05 0.0875
4 0.1984375 0.33359375 0.05 0.0890625
4 0.44296875 0.37421875 0.0484375 0.078125
4 0.34765625 0.41875 0.0484375 0.090625
4 0.27265625 0.47734375 0.0484375 0.0890625
4 0.31484375 0.60703125 0.05 0.078125
4 0.35234375 0.7453125 0.0484375 0.0765625
4 0.66171875 0.68671875 0.04375 0.0609375
6 0.4515625 0.6125 0.040625 0.040625
6 0.60703125 0.71484375 0.0375 0.040625
2 0.51015625 0.62890625 0.0328125 0.0390625