5 0.84296875 0.090625 0.040625 0.065625
5 0.85625 0.16171875 0.0421875 0.0640625
5 0.7203125 0.2875 0.040625 0.0640625
5 0.76328125 0.54921875 0.040625 0.0671875
5 0.84609375 0.57578125 0.040625 0.06875
5 0.65 0.55234375 0.0421875 0.0625
5 0.625 0.528125 0.0421875 0.0625
5 0.54296875 0.4984375 0.0421875 0.0640625
5 0.50390625 0.60859375 0.040625 0.0671875
5 0.7953125 0.83046875 0.040625 0.0640625
5 0.6390625 0.91484375 0.040625 0.0671875
5 0.5265625 0.76875 0.040625 0.0640625
5 0.31015625 0.7421875 0.0453125 0.065625
5 0.34609375 0.65078125 0.0375 0.0625
5 0.125 0.60390625 0.0421875 0.0625
5 0.2953125 0.5328125 0.0421875 0.0640625
5 0.0734375 0.48359375 0.04375 0.0640625
5 0.428125 0.50234375 0.04375 0.0625
5 0.28828125 0.39296875 0.0421875 0.0609375
5 0.371875 0.31484375 0.0390625 0.0625
5 0.26640625 0.24609375 0.0421875 0.0609375
5 0.15078125 0.2671875 0.0421875 0.0625
5 0.35234375 0.1171875 0.046875 0.0640625
5 0.63515625 0.1140625 0.04375 0.0625
5 0.50078125 0.2390625 0.04375 0.0640625
5 0.621875 0.040625 0.04375 0.0625
4 0.909375 0.04375 0.0515625 0.0625
4 0.453125 0.05546875 0.0640625 0.034375
4 0.31484375 0.13984375 0.0453125 0.0640625
4 0.89765625 0.35078125 0.0625 0.0546875
4 0.5359375 0.35859375 0.0640625 0.0515625
4 0.884375 0.43984375 0.040625 0.0703125
4 0.13046875 0.51640625 0.0625 0.05
4 0.11953125 0.43515625 0.0515625 0.0640625
4 0.203125 0.6046875 0.0609375 0.0578125