4 0.26953125 0.059375 0.04296875 0.075
4 0.21015625 0.15234375 0.040625 0.07421875
4 0.68671875 0.2296875 0.04453125 0.07578125
4 0.9625 0.1328125 0.04296875 0.07578125
4 0.68515625 0.41484375 0.040625 0.0875
2 0.70625 0.0609375 0.03359375 0.0421875
6 0.37890625 0.23671875 0.0359375 0.0375
6 0.91171875 0.203125 0.03515625 0.03671875
6 0.5234375 0.3140625 0.0390625 0.040625
6 0.96640625 0.546875 0.0359375 0.0375
6 0.52421875 0.78515625 0.0390625 0.03984375
6 0.63671875 0.84921875 0.0421875 0.040625
0 0.59375 0.15390625 0.05078125 0.10390625
0 0.334375 0.44609375 0.08984375 0.07109375
0 0.68984375 0.5890625 0.05078125 0.1015625
0 0.8828125 0.7109375 0.103125 0.0515625