4 0.1078125 0.12265625 0.046875 0.0765625
4 0.38046875 0.04140625 0.0484375 0.075
4 0.3546875 0.171875 0.0453125 0.0890625
4 0.096875 0.30390625 0.046875 0.0890625
4 0.25234375 0.41015625 0.0484375 0.078125
4 0.30546875 0.47734375 0.0453125 0.0765625
4 0.6078125 0.3921875 0.0453125 0.0859375
4 0.7265625 0.35625 0.05 0.078125
4 0.7328125 0.19921875 0.0453125 0.078125
4 0.8265625 0.2375 0.04375 0.075
4 0.928125 0.1140625 0.04375 0.0765625
4 0.93359375 0.209375 0.0421875 0.0859375
4 0.8984375 0.32890625 0.0453125 0.0765625
4 0.91015625 0.50234375 0.04375 0.0875
4 0.13515625 0.5484375 0.0421875 0.0875
4 0.23515625 0.6 0.0421875 0.084375
4 0.05546875 0.6578125 0.0453125 0.075
4 0.02421875 0.73359375 0.046875 0.078125
4 0.43984375 0.659375 0.0453125 0.0765625
4 0.93203125 0.6453125 0.046875 0.078125
4 0.88515625 0.840625 0.046875 0.078125
4 0.14453125 0.8453125 0.04375 0.0765625
4 0.28203125 0.88515625 0.046875 0.078125
4 0.34765625 0.784375 0.0453125 0.0859375
4 0.3984375 0.8640625 0.0453125 0.0859375
4 0.5734375 0.80078125 0.04375 0.0875
0 0.2515625 0.0703125 0.0671875 0.103125
0 0.41015625 0.2609375 0.1015625 0.0640625
0 0.28515625 0.3109375 0.05625 0.1046875
0 0.4671875 0.375 0.059375 0.103125
0 0.38046875 0.5609375 0.1 0.0734375
0 0.79140625 0.540625 0.10625 0.0625
0 0.725 0.77421875 0.103125 0.0578125
0 0.04453125 0.9015625 0.0890625 0.071875
0 0.16171875 0.64765625 0.0984375 0.075