5 0.0453125 0.0859375 0.0484375 0.05625
5 0.1734375 0.171875 0.04453125 0.05859375
5 0.3421875 0.29921875 0.0421875 0.0578125
5 0.44140625 0.38046875 0.04296875 0.05859375
5 0.54453125 0.44765625 0.04375 0.05859375
5 0.659375 0.5234375 0.04375 0.0578125
5 0.725 0.61015625 0.04453125 0.059375
5 0.8484375 0.69140625 0.04296875 0.05859375
5 0.95234375 0.75390625 0.04375 0.05859375
5 0.08359375 0.43984375 0.040625 0.0625
4 0.1796875 0.490625 0.059375 0.05078125
4 0.3953125 0.65 0.059375 0.05078125
4 0.60078125 0.73984375 0.03046875 0.0640625
4 0.765625 0.66640625 0.0296875 0.06484375
4 0.5828125 0.2984375 0.0265625 0.0640625
0 0.97734375 0.95859375 0.028125 0.0375