4 0.06484375 0.1734375 0.04375 0.0734375
4 0.325 0.059375 0.0453125 0.0734375
4 0.315625 0.1921875 0.040625 0.0875
4 0.07578125 0.3546875 0.0421875 0.0859375
4 0.24296875 0.440625 0.04375 0.075
4 0.30390625 0.5015625 0.0421875 0.0734375
4 0.59375 0.38046875 0.040625 0.084375
4 0.7078125 0.3296875 0.046875 0.075
4 0.69453125 0.1734375 0.0421875 0.0765625
4 0.7921875 0.2 0.040625 0.0734375
4 0.878125 0.06484375 0.040625 0.075
4 0.89453125 0.15859375 0.0375 0.084375
4 0.875 0.28125 0.040625 0.075
4 0.90703125 0.45234375 0.0390625 0.0859375
4 0.14375 0.5921875 0.0375 0.0859375
4 0.24921875 0.63125 0.0390625 0.0828125
4 0.078125 0.7109375 0.0421875 0.071875
4 0.05625 0.78984375 0.0421875 0.075
4 0.459375 0.665625 0.0421875 0.075
4 0.94609375 0.59140625 0.0421875 0.075
4 0.9234375 0.790625 0.04375 0.075
4 0.1890625 0.8859375 0.040625 0.075
4 0.33046875 0.90859375 0.0421875 0.075
4 0.3828125 0.80078125 0.040625 0.084375
4 0.44375 0.87421875 0.040625 0.084375
4 0.609375 0.7890625 0.0390625 0.0859375
0 0.20078125 0.10390625 0.0625 0.1
0 0.38203125 0.2734375 0.1 0.059375
0 0.2640625 0.33828125 0.0515625 0.103125
0 0.45234375 0.3796875 0.0546875 0.1015625
0 0.38828125 0.575 0.096875 0.06875
0 0.79375 0.5046875 0.103125 0.05625
0 0.75703125 0.7453125 0.1 0.053125
0 0.09375 0.9546875 0.09375 0.06875
0 0.18203125 0.6875 0.09375 0.0703125