5 0.9796875 0.1078125 0.040625 0.0625
5 0.884375 0.18125 0.0453125 0.059375
5 0.7609375 0.23828125 0.0453125 0.0578125
5 0.66171875 0.30390625 0.0453125 0.0609375
5 0.565625 0.3875 0.0453125 0.059375
5 0.4609375 0.44765625 0.0453125 0.0609375
5 0.353125 0.51328125 0.0453125 0.05625
5 0.25859375 0.59375 0.0453125 0.0625
5 0.0421875 0.73203125 0.0453125 0.059375
5 0.64140625 0.63203125 0.04375 0.065625
5 0.85546875 0.553125 0.0453125 0.0671875
4 0.05078125 0.03671875 0.0453125 0.0640625
4 0.71796875 0.28046875 0.0609375 0.053125
4 0.69140625 0.56484375 0.053125 0.059375
4 0.0875 0.7671875 0.065625 0.0390625
4 0.25234375 0.82109375 0.0578125 0.05
0 0.95859375 0.21796875 0.0671875 0.0953125
0 0.4796875 0.35625 0.1015625 0.0640625
0 0.54765625 0.61640625 0.1 0.0640625
0 0.071875 0.92109375 0.0359375 0.03125
0 0.78125 0.6015625 0.059375 0.1
0 0.60390625 0.45390625 0.0421875 0.034375
0 0.8953125 0.32421875 0.0328125 0.040625