5 0.896875 0.0515625 0.04375 0.0609375
5 0.67578125 0.16796875 0.040625 0.0625
5 0.56796875 0.2265625 0.040625 0.059375
5 0.45703125 0.28359375 0.040625 0.059375
5 0.36015625 0.33671875 0.046875 0.059375
5 0.2265625 0.40703125 0.040625 0.059375
5 0.13203125 0.471875 0.0421875 0.059375
4 0.79375 0.17421875 0.04375 0.0640625
4 0.934375 0.24765625 0.0453125 0.0625
4 0.48125 0.0859375 0.0640625 0.040625
4 0.21640625 0.4625 0.065625 0.03125
0 0.2140625 0.103125 0.03125 0.040625
0 0.1359375 0.3328125 0.03125 0.040625
0 0.06875 0.478125 0.0296875 0.040625
0 0.509375 0.21953125 0.0328125 0.040625
0 0.63046875 0.17734375 0.034375 0.040625
0 0.69375 0.29296875 0.03125 0.040625
0 0.39375 0.271875 0.0625 0.09375
0 0.84296875 0.34296875 0.0359375 0.0390625
0 0.50234375 0.346875 0.03125 0.0375
0 0.403125 0.48359375 0.0296875 0.0375
0 0.1375 0.61484375 0.0296875 0.0390625