5 0.12265625 0.121875 0.0359375 0.0625
5 0.115625 0.19375 0.03671875 0.06171875
5 0.26171875 0.3078125 0.03515625 0.0609375
5 0.2421875 0.571875 0.034375 0.06484375
5 0.16171875 0.60546875 0.03515625 0.065625
5 0.35546875 0.56484375 0.0375 0.059375
5 0.378125 0.5390625 0.0375 0.06015625
5 0.45703125 0.50234375 0.0375 0.06171875
5 0.50546875 0.60859375 0.0359375 0.0640625
5 0.234375 0.8546875 0.03515625 0.0609375
5 0.39765625 0.925 0.03515625 0.06484375
5 0.496875 0.7703125 0.0359375 0.06171875
5 0.71015625 0.725 0.03984375 0.06171875
5 0.66640625 0.63671875 0.0328125 0.059375
5 0.8828125 0.57109375 0.0375 0.059375
5 0.70703125 0.51484375 0.03671875 0.0609375
5 0.9234375 0.44609375 0.0390625 0.06015625
5 0.571875 0.49609375 0.03828125 0.06015625
5 0.7015625 0.375 0.03671875 0.05859375
5 0.61171875 0.3046875 0.034375 0.06015625
5 0.7109375 0.2265625 0.03671875 0.05859375
5 0.82734375 0.2375 0.03671875 0.059375
5 0.6140625 0.10546875 0.04140625 0.0609375
5 0.33203125 0.12734375 0.03828125 0.059375
5 0.4765625 0.23984375 0.0390625 0.0609375
5 0.33828125 0.053125 0.03828125 0.059375
4 0.05234375 0.08125 0.04609375 0.05859375
4 0.5078125 0.053125 0.06171875 0.0296875
4 0.653125 0.125 0.040625 0.06015625
4 0.090625 0.3859375 0.05859375 0.04921875
4 0.4515625 0.3625 0.0609375 0.046875
4 0.11171875 0.4734375 0.034375 0.0671875
4 0.86953125 0.484375 0.05859375 0.04453125
4 0.8734375 0.40234375 0.04609375 0.06015625
4 0.8046875 0.578125 0.05625 0.053125