4 0.0796875 0.1453125 0.04375 0.084375
4 0.23671875 0.17265625 0.0421875 0.075
4 0.39375 0.15703125 0.059375 0.075
4 0.56640625 0.13984375 0.0453125 0.08125
4 0.61953125 0.18359375 0.04375 0.075
4 0.765625 0.18515625 0.0453125 0.0890625
4 0.85625 0.1546875 0.04375 0.075
4 0.9328125 0.19140625 0.0390625 0.071875
4 0.65234375 0.2828125 0.0421875 0.0734375
4 0.52265625 0.37734375 0.0421875 0.0859375
4 0.41875 0.39765625 0.04375 0.0734375
4 0.325 0.37734375 0.04375 0.0796875
4 0.109375 0.31953125 0.040625 0.084375
4 0.20390625 0.56796875 0.0390625 0.0734375
4 0.2828125 0.4765625 0.0421875 0.075
4 0.17734375 0.68125 0.040625 0.075
4 0.309375 0.6046875 0.0390625 0.0828125
4 0.44453125 0.634375 0.0375 0.084375
4 0.7015625 0.48125 0.0375 0.084375
4 0.91953125 0.32265625 0.0390625 0.071875
4 0.61953125 0.0578125 0.040625 0.075
4 0.8515625 0.50234375 0.0390625 0.084375
4 0.75078125 0.62890625 0.0421875 0.075
4 0.70703125 0.6875 0.04375 0.0859375
4 0.6 0.740625 0.040625 0.075
4 0.4265625 0.8734375 0.0484375 0.0765625
4 0.17734375 0.821875 0.040625 0.0734375
4 0.24609375 0.8609375 0.0453125 0.0859375
4 0.8609375 0.85703125 0.0421875 0.0734375
4 0.775 0.9 0.0375 0.084375
4 0.98203125 0.74765625 0.0359375 0.0734375
0 0.15703125 0.3046875 0.0625 0.1
0 0.390625 0.26484375 0.0515625 0.0984375
0 0.525 0.31015625 0.1 0.053125
0 0.58671875 0.56875 0.0953125 0.06875
0 0.1 0.56484375 0.0515625 0.103125
0 0.54765625 0.7671875 0.0703125 0.096875
0 0.2296875 0.93828125 0.0953125 0.0578125
0 0.5875 0.90234375 0.0953125 0.0703125
0 0.721875 0.91171875 0.090625 0.0671875
0 0.925 0.225 0.09375 0.0703125
0 0.52265625 0.04609375 0.09375 0.06875
0 0.64609375 0.38984375 0.09375 0.06875
0 0.88828125 0.54375 0.096875 0.065625
0 0.95859375 0.64609375 0.0828125 0.0671875