0 0.5234375 0.05078125 0.09296875 0.07265625
0 0.53125 0.21171875 0.08984375 0.0734375
0 0.85390625 0.240625 0.1015625 0.05625
0 0.93984375 0.29921875 0.053125 0.1046875
0 0.41875 0.88515625 0.05078125 0.10390625
4 0.1234375 0.0859375 0.0421875 0.07421875
4 0.37109375 0.06953125 0.03984375 0.0859375
4 0.609375 0.08359375 0.04296875 0.0859375
4 0.809375 0.175 0.03984375 0.0859375
4 0.72734375 0.3125 0.04140625 0.075
4 0.3390625 0.3328125 0.040625 0.084375
4 0.1828125 0.36640625 0.040625 0.0859375
4 0.43046875 0.38046875 0.04140625 0.07421875
4 0.33984375 0.43515625 0.0390625 0.0875
4 0.271875 0.5015625 0.03984375 0.0859375
4 0.32734375 0.62578125 0.04296875 0.07421875
4 0.37890625 0.759375 0.040625 0.07265625
4 0.68046875 0.66875 0.03828125 0.05703125
6 0.46328125 0.6171875 0.03671875 0.0375
6 0.62890625 0.70234375 0.034375 0.0375
2 0.5234375 0.62734375 0.0296875 0.0359375