4 0.2671875 0.0953125 0.046875 0.0859375
4 0.3625 0.20078125 0.0453125 0.0765625
4 0.265625 0.296875 0.0421875 0.0859375
4 0.52890625 0.1453125 0.0453125 0.0765625
4 0.6046875 0.11484375 0.04375 0.075
4 0.73203125 0.31484375 0.04375 0.075
4 0.84765625 0.33515625 0.0421875 0.0875
4 0.13203125 0.3234375 0.0453125 0.0765625
4 0.49921875 0.4609375 0.046875 0.078125
4 0.70859375 0.4375 0.04375 0.075
4 0.23359375 0.59765625 0.0453125 0.0765625
4 0.38984375 0.56328125 0.04375 0.0859375
4 0.1390625 0.69140625 0.0453125 0.0859375
4 0.0734375 0.7203125 0.04375 0.0765625
4 0.21171875 0.753125 0.04375 0.0859375
4 0.27734375 0.8171875 0.0453125 0.0765625
4 0.3546875 0.66171875 0.0421875 0.0859375
4 0.5421875 0.74609375 0.0421875 0.075
4 0.41484375 0.94765625 0.0421875 0.075
4 0.65390625 0.96171875 0.0484375 0.0765625
4 0.77578125 0.8671875 0.0421875 0.0859375
4 0.84375 0.82734375 0.0453125 0.0765625
4 0.8578125 0.5765625 0.04375 0.0859375
4 0.90859375 0.57421875 0.046875 0.078125
0 0.49296875 0.053125 0.0921875 0.084375
0 0.7375 0.234375 0.1 0.0703125
0 0.18125 0.64375 0.0890625 0.0859375
0 0.78203125 0.67265625 0.1015625 0.0703125
0 0.1015625 0.84609375 0.0859375 0.08125