4 0.21328125 0.13203125 0.04375 0.084375
4 0.321875 0.22265625 0.0421875 0.075
4 0.2390625 0.33125 0.0390625 0.0859375
4 0.47890625 0.1453125 0.04375 0.075
4 0.55078125 0.10390625 0.0421875 0.075
4 0.70390625 0.284375 0.040625 0.075
4 0.82109375 0.28828125 0.0390625 0.0875
4 0.1109375 0.3765625 0.04375 0.075
4 0.49375 0.4609375 0.04375 0.0765625
4 0.69765625 0.409375 0.0421875 0.0734375
4 0.25 0.63359375 0.0421875 0.0765625
4 0.4 0.578125 0.040625 0.0859375
4 0.16875 0.73984375 0.0421875 0.084375
4 0.10859375 0.77734375 0.040625 0.075
4 0.25 0.790625 0.040625 0.0859375
4 0.3234375 0.84453125 0.0421875 0.075
4 0.37890625 0.6796875 0.0390625 0.0859375
4 0.57578125 0.7375 0.040625 0.0734375
4 0.47734375 0.9546875 0.040625 0.0734375
4 0.71796875 0.93671875 0.0453125 0.0765625
4 0.82421875 0.825 0.0390625 0.0859375
4 0.8859375 0.7765625 0.0421875 0.075
4 0.86484375 0.5265625 0.040625 0.084375
4 0.91484375 0.51640625 0.04375 0.0765625
0 0.43046875 0.05859375 0.0890625 0.08125
0 0.6984375 0.20390625 0.0984375 0.0671875
0 0.2046875 0.68671875 0.0859375 0.0828125
0 0.803125 0.63203125 0.1 0.0671875
0 0.15390625 0.8984375 0.084375 0.078125