4 0.2328125 0.1171875 0.03984375 0.0828125
4 0.33671875 0.2140625 0.0390625 0.0734375
4 0.2484375 0.31796875 0.03515625 0.08359375
4 0.49765625 0.14453125 0.03984375 0.0734375
4 0.57109375 0.10703125 0.03828125 0.07265625
4 0.71484375 0.2953125 0.0375 0.07265625
4 0.83203125 0.30546875 0.03515625 0.08515625
4 0.11796875 0.35625 0.03984375 0.0734375
4 0.49609375 0.4609375 0.040625 0.07421875
4 0.70234375 0.41953125 0.03828125 0.071875
4 0.24296875 0.6203125 0.0390625 0.07421875
4 0.39609375 0.57265625 0.0359375 0.08359375
4 0.15703125 0.721875 0.0375 0.0828125
4 0.09453125 0.75625 0.03671875 0.0734375
4 0.23515625 0.77734375 0.03671875 0.08359375
4 0.30546875 0.83515625 0.03828125 0.0734375
4 0.36953125 0.6734375 0.034375 0.08359375
4 0.56328125 0.74140625 0.03671875 0.071875
4 0.45390625 0.953125 0.03671875 0.071875
4 0.69453125 0.94765625 0.04140625 0.075
4 0.80703125 0.84140625 0.03515625 0.08359375
4 0.87109375 0.79609375 0.0390625 0.0734375
4 0.86328125 0.5453125 0.0359375 0.0828125
4 0.91328125 0.53828125 0.03984375 0.07421875
0 0.45390625 0.05546875 0.08515625 0.0765625
0 0.71328125 0.21484375 0.0953125 0.06171875
0 0.1953125 0.67109375 0.08203125 0.07890625
0 0.79609375 0.64765625 0.096875 0.06171875
0 0.13359375 0.8796875 0.08046875 0.07421875