0 0.94453125 0.5171875 0.03125 0.04375
0 0.8703125 0.2328125 0.034375 0.0421875
0 0.70703125 0.19921875 0.0296875 0.0390625
0 0.675 0.05 0.03125 0.040625
0 0.44921875 0.22734375 0.0296875 0.0390625
0 0.2765625 0.14765625 0.0296875 0.0421875
0 0.44765625 0.325 0.0390625 0.034375
0 0.5046875 0.54921875 0.040625 0.034375
0 0.91015625 0.82265625 0.0328125 0.0421875
4 0.1859375 0.021875 0.053125 0.04375
4 0.15859375 0.1484375 0.05 0.065625
4 0.60546875 0.41640625 0.05625 0.0671875
4 0.8890625 0.5765625 0.0546875 0.0671875
4 0.4421875 0.734375 0.0515625 0.065625
4 0.175 0.59375 0.0515625 0.0625
5 0.7390625 0.13046875 0.040625 0.0640625
5 0.73203125 0.23671875 0.0453125 0.0671875
5 0.97421875 0.17421875 0.0484375 0.0671875
5 0.9703125 0.2515625 0.04375 0.0640625
5 0.63046875 0.315625 0.04375 0.065625
5 0.68671875 0.3890625 0.04375 0.06875
5 0.80390625 0.51953125 0.0453125 0.0640625
5 0.88125 0.8984375 0.0421875 0.0671875
5 0.7859375 0.81484375 0.0453125 0.0640625
5 0.69609375 0.73515625 0.0390625 0.065625
5 0.640625 0.7015625 0.046875 0.065625
5 0.55078125 0.85625 0.0421875 0.06875
5 0.4921875 0.8421875 0.040625 0.065625
5 0.4125 0.81875 0.04375 0.0671875
5 0.35078125 0.8890625 0.040625 0.0640625
5 0.21484375 0.734375 0.0453125 0.0625
5 0.14375 0.79765625 0.04375 0.0625
5 0.0515625 0.7796875 0.04375 0.065625
5 0.1546875 0.68125 0.04375 0.0640625
5 0.04765625 0.48125 0.046875 0.065625
5 0.5359375 0.5875 0.0453125 0.065625
5 0.415625 0.47578125 0.04375 0.0640625
5 0.1125 0.1703125 0.0453125 0.065625
1 0.51875 0.25234375 0.0609375 0.059375
6 0.7640625 0.41484375 0.0375 0.0390625
1 0.7484375 0.975 0.059375 0.05