0 0.49375 0.2328125 0.0375 0.0421875
0 0.815625 0.03671875 0.0875 0.0734375
0 0.33984375 0.18125 0.103125 0.0546875
0 0.31875 0.3265625 0.06875 0.0859375
0 0.353125 0.55546875 0.071875 0.1
0 0.77890625 0.5 0.040625 0.0421875
0 0.2171875 0.784375 0.0375 0.04375
0 0.66484375 0.846875 0.0421875 0.0328125
4 0.46875 0.38828125 0.065625 0.0390625
4 0.69921875 0.0625 0.0328125 0.065625
4 0.10234375 0.428125 0.0453125 0.06875
4 0.9140625 0.83125 0.0546875 0.0625
4 0.80859375 0.9328125 0.0375 0.06875
4 0.70625 0.734375 0.04375 0.065625
4 0.940625 0.6265625 0.05625 0.0609375
5 0.94765625 0.5703125 0.0453125 0.0609375
5 0.8453125 0.6265625 0.0484375 0.0609375
5 0.75703125 0.69765625 0.046875 0.0609375
5 0.64921875 0.7875 0.0453125 0.0625
5 0.56484375 0.859375 0.0484375 0.0640625
5 0.4515625 0.93671875 0.046875 0.0609375