0 0.1765625 0.346875 0.0609375 0.1046875
0 0.46484375 0.30234375 0.096875 0.0765625
0 0.15078125 0.63828125 0.1015625 0.075
0 0.634375 0.5203125 0.1 0.078125
0 0.7765625 0.284375 0.1015625 0.075
0 0.7921875 0.60234375 0.078125 0.0953125
0 0.26875 0.7609375 0.0984375 0.0796875
0 0.46796875 0.90546875 0.1015625 0.0765625
0 0.60546875 0.8828125 0.0984375 0.075
0 0.22890625 0.93046875 0.0609375 0.10625
0 0.05078125 0.14765625 0.1015625 0.0765625
0 0.70703125 0.053125 0.1046875 0.0609375
4 0.1921875 0.1984375 0.046875 0.0765625
4 0.4140625 0.165625 0.0453125 0.078125
4 0.6140625 0.20234375 0.0484375 0.078125
4 0.828125 0.07265625 0.0484375 0.0859375
4 0.9078125 0.03046875 0.05 0.0609375
4 0.265625 0.3703125 0.0484375 0.078125
4 0.159375 0.49921875 0.04375 0.0875
4 0.04296875 0.61171875 0.0453125 0.0875
4 0.27578125 0.66171875 0.0484375 0.078125
4 0.64140625 0.41640625 0.0484375 0.0765625
4 0.73828125 0.428125 0.04375 0.0859375
4 0.865625 0.26640625 0.04375 0.0765625
4 0.85390625 0.4796875 0.0453125 0.0765625
4 0.92734375 0.43046875 0.0453125 0.075
4 0.63125 0.72109375 0.0453125 0.0765625
4 0.9828125 0.60546875 0.034375 0.0859375
4 0.9859375 0.83515625 0.028125 0.0890625
4 0.73515625 0.83203125 0.0453125 0.0765625
4 0.7171875 0.90234375 0.04375 0.0875
4 0.2765625 0.95625 0.0453125 0.0765625
4 0.13359375 0.89609375 0.0421875 0.0859375