0 0.5078125 0.05 0.0984375 0.0796875
0 0.4890625 0.21015625 0.0953125 0.0796875
0 0.16484375 0.21640625 0.1046875 0.0625
0 0.075 0.26875 0.0609375 0.1078125
0 0.55390625 0.88984375 0.0578125 0.1078125
4 0.9046875 0.11328125 0.046875 0.0765625
4 0.65859375 0.0796875 0.0453125 0.0890625
4 0.4203125 0.07734375 0.0484375 0.0890625
4 0.2140625 0.15390625 0.0453125 0.0890625
4 0.2859375 0.296875 0.046875 0.078125
4 0.671875 0.34453125 0.046875 0.0875
4 0.82578125 0.3890625 0.046875 0.0890625
4 0.57734375 0.3859375 0.046875 0.0765625
4 0.6640625 0.446875 0.0453125 0.090625
4 0.72734375 0.5171875 0.0453125 0.0890625
4 0.66328125 0.6375 0.0484375 0.0765625
4 0.60234375 0.7671875 0.0453125 0.075
4 0.3078125 0.65546875 0.0421875 0.059375
6 0.528125 0.61953125 0.0390625 0.040625
6 0.35703125 0.69296875 0.0375 0.0390625
2 0.46796875 0.62578125 0.0328125 0.0375