5 0.975 0.109375 0.05 0.059375
5 0.84296875 0.1890625 0.046875 0.0609375
5 0.66796875 0.3078125 0.0453125 0.059375
5 0.56484375 0.38359375 0.0453125 0.0609375
5 0.45859375 0.4453125 0.046875 0.0609375
5 0.33984375 0.51484375 0.046875 0.059375
5 0.26953125 0.5984375 0.046875 0.0609375
5 0.1421875 0.67265625 0.0453125 0.0609375
5 0.03515625 0.7296875 0.046875 0.0609375
5 0.91875 0.46171875 0.04375 0.0640625
4 0.8203125 0.50703125 0.0625 0.053125
4 0.596875 0.65546875 0.0625 0.053125
4 0.38671875 0.734375 0.034375 0.065625
4 0.22578125 0.65234375 0.0328125 0.065625
4 0.428125 0.29453125 0.0296875 0.065625
0 0.00703125 0.93203125 0.0140625 0.0390625