4 0.753125 0.071875 0.046875 0.0765625
4 0.8078125 0.16796875 0.04375 0.0765625
4 0.32734375 0.2203125 0.0484375 0.078125
4 0.05703125 0.109375 0.046875 0.078125
4 0.31953125 0.40546875 0.0453125 0.0890625
2 0.3171875 0.05078125 0.0359375 0.04375
6 0.634375 0.24375 0.0375 0.0390625
6 0.1046875 0.18203125 0.0375 0.0390625
6 0.4859375 0.31328125 0.040625 0.0421875
6 0.03203125 0.52265625 0.0375 0.0390625
6 0.4609375 0.78359375 0.040625 0.0421875
6 0.3453125 0.84140625 0.04375 0.0421875
0 0.42421875 0.14921875 0.05625 0.10625
0 0.66796875 0.4546875 0.09375 0.075
0 0.30546875 0.57890625 0.05625 0.1046875
0 0.10703125 0.690625 0.10625 0.05625