0 0.1796875 0.34140625 0.059375 0.103125
0 0.46875 0.30234375 0.0953125 0.075
0 0.1484375 0.63203125 0.1 0.0734375
0 0.63359375 0.52265625 0.0984375 0.078125
0 0.78046875 0.28984375 0.1 0.0734375
0 0.78984375 0.60703125 0.0765625 0.09375
0 0.2640625 0.75703125 0.0984375 0.078125
0 0.4609375 0.9046875 0.1 0.075
0 0.5984375 0.884375 0.096875 0.0734375
0 0.22109375 0.92578125 0.059375 0.10625
0 0.05625 0.140625 0.1015625 0.075
0 0.71484375 0.05703125 0.103125 0.059375
4 0.19765625 0.19296875 0.0453125 0.0765625
4 0.41953125 0.1640625 0.0453125 0.0765625
4 0.61953125 0.20390625 0.046875 0.078125
4 0.8359375 0.07890625 0.0484375 0.0859375
4 0.915625 0.03359375 0.05 0.0671875
4 0.26796875 0.36640625 0.0484375 0.078125
4 0.16015625 0.49296875 0.0421875 0.0859375
4 0.040625 0.60390625 0.04375 0.0875
4 0.2734375 0.6578125 0.0484375 0.078125
4 0.64296875 0.41875 0.046875 0.0765625
4 0.73984375 0.43203125 0.04375 0.0859375
4 0.86953125 0.2734375 0.0421875 0.0765625
4 0.85390625 0.48515625 0.04375 0.075
4 0.928125 0.43828125 0.04375 0.075
4 0.628125 0.7234375 0.04375 0.075
4 0.98203125 0.61328125 0.0359375 0.0859375
4 0.98359375 0.84375 0.0328125 0.0875
4 0.7296875 0.8359375 0.04375 0.0765625
4 0.71015625 0.90625 0.0421875 0.0875
4 0.26875 0.95234375 0.0453125 0.0765625
4 0.12734375 0.88984375 0.040625 0.084375