4 0.0921875 0.13046875 0.04140625 0.08359375
4 0.2484375 0.1640625 0.0390625 0.0734375
4 0.40546875 0.15390625 0.05625 0.07265625
4 0.57890625 0.1421875 0.04296875 0.0796875
4 0.63046875 0.18828125 0.04140625 0.07421875
4 0.7765625 0.19453125 0.04296875 0.0875
4 0.86796875 0.1671875 0.04140625 0.0734375
4 0.94296875 0.20703125 0.03671875 0.07109375
4 0.66015625 0.28828125 0.03984375 0.071875
4 0.5265625 0.378125 0.0390625 0.084375
4 0.42265625 0.39453125 0.04140625 0.07265625
4 0.3296875 0.37109375 0.04140625 0.07890625
4 0.115625 0.30625 0.03828125 0.0828125
4 0.2015625 0.5578125 0.03671875 0.07265625
4 0.28359375 0.46875 0.0390625 0.07421875
4 0.17109375 0.66953125 0.03828125 0.0734375
4 0.30546875 0.59765625 0.0359375 0.08203125
4 0.43984375 0.63203125 0.03515625 0.08359375
4 0.70234375 0.48828125 0.03515625 0.08359375
4 0.92578125 0.3375 0.0359375 0.07109375
4 0.63515625 0.0625 0.0375 0.0734375
4 0.8515625 0.51484375 0.0359375 0.08359375
4 0.74609375 0.6375 0.0390625 0.07421875
4 0.7 0.69453125 0.04140625 0.08515625
4 0.59140625 0.74375 0.0375 0.0734375
4 0.41328125 0.8703125 0.0453125 0.075
4 0.16640625 0.81015625 0.0375 0.07265625
4 0.23359375 0.8515625 0.0421875 0.084375
4 0.8484375 0.86953125 0.03984375 0.07265625
4 0.7609375 0.909375 0.03515625 0.08359375
4 0.97734375 0.76484375 0.0390625 0.07265625
0 0.1640625 0.29296875 0.05859375 0.09765625
0 0.39921875 0.2609375 0.04765625 0.09609375
0 0.53125 0.3109375 0.09765625 0.05
0 0.584375 0.571875 0.09296875 0.06484375
0 0.09765625 0.55078125 0.04765625 0.10078125
0 0.53828125 0.76875 0.06640625 0.0953125
0 0.21484375 0.92890625 0.09375 0.05390625
0 0.5734375 0.90546875 0.09375 0.06640625
0 0.70703125 0.91953125 0.08828125 0.0640625
0 0.934375 0.23984375 0.09140625 0.06640625
0 0.53828125 0.046875 0.0921875 0.06484375
0 0.65 0.3953125 0.0921875 0.06484375
0 0.88671875 0.55703125 0.09453125 0.0625
0 0.95625 0.66328125 0.0875 0.0640625