5 0.0390625 0.0828125 0.04140625 0.0609375
5 0.1328125 0.16171875 0.0421875 0.0578125
5 0.253125 0.225 0.0421875 0.05546875
5 0.3484375 0.2953125 0.04296875 0.059375
5 0.440625 0.384375 0.0421875 0.05703125
5 0.54140625 0.45 0.04296875 0.05859375
5 0.64609375 0.52109375 0.04296875 0.0546875
5 0.7359375 0.60625 0.0421875 0.0609375
5 0.9453125 0.75546875 0.0421875 0.05703125
5 0.3515625 0.62421875 0.03984375 0.06328125
5 0.1421875 0.534375 0.04140625 0.06484375
4 0.97265625 0.0609375 0.0421875 0.0625
4 0.29375 0.26953125 0.0578125 0.05078125
4 0.30546875 0.5546875 0.05078125 0.05625
4 0.89765625 0.78828125 0.0640625 0.03515625
4 0.73046875 0.83359375 0.05546875 0.04765625
0 0.05703125 0.19453125 0.0625 0.09140625
0 0.528125 0.3578125 0.09921875 0.05859375
0 0.44609375 0.6140625 0.09765625 0.059375
0 0.90546875 0.94296875 0.03515625 0.0296875
0 0.2140625 0.58671875 0.05390625 0.096875
0 0.3984375 0.4484375 0.03984375 0.03203125
0 0.1140625 0.30390625 0.03125 0.03828125