4 0.0765625 0.15859375 0.040625 0.07265625
4 0.340625 0.05390625 0.0421875 0.071875
4 0.3265625 0.1859375 0.0375 0.0859375
4 0.08125 0.33984375 0.03984375 0.08515625
4 0.2453125 0.43203125 0.04140625 0.07421875
4 0.30390625 0.49453125 0.03984375 0.07265625
4 0.59765625 0.38359375 0.03828125 0.0828125
4 0.71328125 0.33671875 0.04375 0.07421875
4 0.70546875 0.18046875 0.0390625 0.075
4 0.80234375 0.21015625 0.0375 0.071875
4 0.89296875 0.078125 0.0375 0.07421875
4 0.90625 0.17265625 0.03515625 0.0828125
4 0.88203125 0.29453125 0.03828125 0.07421875
4 0.90859375 0.46640625 0.0359375 0.08515625
4 0.140625 0.5796875 0.03515625 0.084375
4 0.24453125 0.62265625 0.0359375 0.08203125
4 0.07109375 0.69609375 0.03984375 0.07109375
4 0.04609375 0.77421875 0.03984375 0.07421875
4 0.45390625 0.6640625 0.0390625 0.0734375
4 0.94296875 0.60703125 0.03984375 0.07421875
4 0.91328125 0.80546875 0.040625 0.07421875
4 0.17578125 0.875 0.0375 0.07421875
4 0.31640625 0.90234375 0.03984375 0.07421875
4 0.37265625 0.796875 0.0375 0.0828125
4 0.43046875 0.871875 0.0375 0.08359375
4 0.59921875 0.79296875 0.0359375 0.08515625
0 0.21484375 0.09375 0.059375 0.0984375
0 0.38984375 0.26953125 0.09765625 0.05625
0 0.26953125 0.33046875 0.04765625 0.10078125
0 0.45625 0.378125 0.0515625 0.09921875
0 0.3859375 0.57109375 0.09453125 0.06484375
0 0.79375 0.51484375 0.1015625 0.053125
0 0.7484375 0.75390625 0.0984375 0.05
0 0.078125 0.93984375 0.0921875 0.06484375
0 0.17578125 0.6765625 0.0921875 0.0671875