5 0.096875 0.14921875 0.040625 0.065625
5 0.0953125 0.22109375 0.040625 0.0640625
5 0.24921875 0.325 0.0390625 0.0625
5 0.24765625 0.58984375 0.0390625 0.0671875
5 0.16953125 0.62890625 0.0390625 0.0671875
5 0.36015625 0.575 0.0421875 0.0625
5 0.38125 0.54765625 0.0421875 0.0625
5 0.45703125 0.50546875 0.0421875 0.0640625
5 0.51328125 0.6078125 0.040625 0.0671875
5 0.259375 0.87265625 0.0390625 0.0625
5 0.42734375 0.93125 0.0390625 0.0671875
5 0.515625 0.76953125 0.040625 0.0640625
5 0.725 0.71015625 0.04375 0.0640625
5 0.67578125 0.625 0.0375 0.0609375
5 0.88671875 0.54453125 0.0421875 0.0625
5 0.7078125 0.5 0.040625 0.0640625
5 0.91875 0.41640625 0.04375 0.0625
5 0.57109375 0.49140625 0.0421875 0.0625
5 0.6921875 0.3609375 0.040625 0.0609375
5 0.59765625 0.29765625 0.0390625 0.0625
5 0.69140625 0.2125 0.040625 0.0609375
5 0.80859375 0.215625 0.040625 0.0625
5 0.5859375 0.0984375 0.0453125 0.0640625
5 0.30625 0.13984375 0.0421875 0.0625
5 0.45859375 0.2421875 0.04375 0.0640625
5 0.3078125 0.065625 0.0421875 0.0625
4 0.02421875 0.11328125 0.0484375 0.0609375
4 0.4765625 0.05390625 0.0640625 0.034375
4 0.6265625 0.11484375 0.0453125 0.0625
4 0.08359375 0.41484375 0.0625 0.053125
4 0.4421875 0.36640625 0.0640625 0.0515625
4 0.1109375 0.50078125 0.0390625 0.06875
4 0.8671875 0.45859375 0.0609375 0.0484375
4 0.865625 0.3765625 0.05 0.0625
4 0.809375 0.55703125 0.059375 0.05625