5 0.103125 0.0515625 0.04296875 0.0609375
5 0.32421875 0.16796875 0.04140625 0.0625
5 0.43203125 0.2265625 0.040625 0.059375
5 0.54296875 0.28359375 0.03984375 0.05859375
5 0.63984375 0.33671875 0.046875 0.05859375
5 0.7734375 0.40703125 0.04140625 0.06015625
5 0.86796875 0.471875 0.0421875 0.06015625
4 0.20625 0.17421875 0.04296875 0.0640625
4 0.065625 0.24765625 0.0453125 0.06328125
4 0.51875 0.0859375 0.0640625 0.040625
4 0.78359375 0.4625 0.06484375 0.03203125
0 0.7859375 0.103125 0.03046875 0.04140625
0 0.8640625 0.3328125 0.03125 0.040625
0 0.93125 0.478125 0.0296875 0.040625
0 0.490625 0.21953125 0.0328125 0.04140625
0 0.36953125 0.17734375 0.03359375 0.03984375
0 0.30625 0.29296875 0.03203125 0.04140625
0 0.60625 0.271875 0.06171875 0.09375
0 0.15703125 0.34296875 0.0359375 0.0390625
0 0.49765625 0.346875 0.03046875 0.03828125
0 0.596875 0.48359375 0.0296875 0.0375
0 0.8625 0.61484375 0.0296875 0.0390625