5 0.8640625 0.028125 0.046875 0.05625
5 0.65234375 0.15625 0.0453125 0.065625
5 0.5484375 0.22265625 0.0453125 0.0625
5 0.4421875 0.2875 0.04375 0.0609375
5 0.34921875 0.346875 0.0515625 0.0625
5 0.22109375 0.4265625 0.0453125 0.0625
5 0.13125 0.49765625 0.046875 0.0625
4 0.7703125 0.1546875 0.046875 0.0671875
4 0.915625 0.21796875 0.05 0.065625
4 0.45234375 0.08828125 0.0671875 0.0453125
4 0.21484375 0.48203125 0.0671875 0.0359375
0 0.18671875 0.12421875 0.0328125 0.04375
0 0.125 0.35859375 0.034375 0.0421875
0 0.06796875 0.50859375 0.0328125 0.0421875
0 0.48984375 0.21953125 0.0359375 0.04375
0 0.6078125 0.16875 0.0359375 0.0421875
0 0.67890625 0.2796875 0.034375 0.04375
0 0.378125 0.2796875 0.06875 0.0984375
0 0.83125 0.31953125 0.0390625 0.0421875
0 0.49140625 0.346875 0.0328125 0.040625
0 0.40234375 0.490625 0.0328125 0.0390625
0 0.14609375 0.63984375 0.0328125 0.040625