5 0.9609375 0.0828125 0.040625 0.0609375
5 0.8671875 0.16171875 0.0421875 0.0578125
5 0.746875 0.225 0.0421875 0.05625
5 0.6515625 0.2953125 0.04375 0.059375
5 0.559375 0.384375 0.0421875 0.05625
5 0.45859375 0.45 0.04375 0.059375
5 0.35390625 0.52109375 0.04375 0.0546875
5 0.2640625 0.60625 0.0421875 0.0609375
5 0.0546875 0.75546875 0.0421875 0.05625
5 0.6484375 0.62421875 0.040625 0.0625
5 0.8578125 0.534375 0.040625 0.065625
4 0.02734375 0.0609375 0.0421875 0.0625
4 0.70625 0.26953125 0.0578125 0.05
4 0.69453125 0.5546875 0.05 0.05625
4 0.10234375 0.78828125 0.0640625 0.034375
4 0.26953125 0.83359375 0.05625 0.046875
0 0.94296875 0.19453125 0.0625 0.090625
0 0.471875 0.3578125 0.1 0.059375
0 0.55390625 0.6140625 0.096875 0.059375
0 0.09453125 0.94296875 0.034375 0.0296875
0 0.7859375 0.58671875 0.053125 0.096875
0 0.6015625 0.4484375 0.040625 0.03125
0 0.8859375 0.30390625 0.03125 0.0375