4 0.72265625 0.05546875 0.04375 0.075
4 0.78359375 0.14765625 0.0421875 0.075
4 0.30859375 0.2328125 0.0453125 0.0765625
4 0.03125 0.140625 0.04375 0.0765625
4 0.31328125 0.41796875 0.0421875 0.0875
2 0.2859375 0.06484375 0.034375 0.0421875
6 0.61640625 0.234375 0.0359375 0.0375
6 0.0828125 0.21015625 0.0359375 0.0375
6 0.4734375 0.31484375 0.0390625 0.040625
6 0.034375 0.5546875 0.0359375 0.0375
6 0.48046875 0.78515625 0.0390625 0.040625
6 0.36953125 0.8515625 0.0421875 0.040625
0 0.4 0.15546875 0.053125 0.1046875
0 0.66484375 0.44296875 0.090625 0.071875
0 0.31171875 0.5921875 0.053125 0.103125
0 0.12109375 0.71796875 0.1046875 0.053125