0 0.19453125 0.3140625 0.05078125 0.09921875
0 0.4859375 0.3 0.08984375 0.0671875
0 0.13828125 0.60078125 0.09453125 0.06484375
0 0.63125 0.534375 0.09296875 0.06953125
0 0.79765625 0.31484375 0.09453125 0.06484375
0 0.7796875 0.63203125 0.06953125 0.08828125
0 0.24296875 0.73515625 0.0921875 0.07109375
0 0.42578125 0.9 0.0953125 0.06640625
0 0.56484375 0.89140625 0.0921875 0.06640625
0 0.18515625 0.9 0.05 0.1015625
0 0.0890625 0.103125 0.096875 0.06640625
0 0.75234375 0.07734375 0.09921875 0.05078125
4 0.22578125 0.16796875 0.0390625 0.0734375
4 0.44921875 0.15859375 0.03828125 0.07421875
4 0.64453125 0.215625 0.040625 0.07421875
4 0.87109375 0.109375 0.040625 0.0828125
4 0.95546875 0.0671875 0.04296875 0.075
4 0.28046875 0.346875 0.04140625 0.07421875
4 0.16171875 0.46328125 0.03515625 0.08359375
4 0.03359375 0.56328125 0.0359375 0.084375
4 0.26015625 0.6375 0.04140625 0.07421875
4 0.64921875 0.43125 0.040625 0.0734375
4 0.74453125 0.453125 0.0359375 0.0828125
4 0.88828125 0.30625 0.0359375 0.0734375
4 0.85390625 0.51640625 0.0375 0.07265625
4 0.93203125 0.47578125 0.0375 0.071875
4 0.6078125 0.73359375 0.0375 0.07265625
4 0.97265625 0.65546875 0.0328125 0.08359375
4 0.95703125 0.8859375 0.03671875 0.08515625
4 0.69921875 0.8546875 0.0375 0.0734375
4 0.67421875 0.92265625 0.03515625 0.084375
4 0.23046875 0.93046875 0.03828125 0.0734375
4 0.09453125 0.85546875 0.034375 0.08203125